Listing Name,Price,Room Type,Reviews,Location
"Modern, Well-Appointed Room in NYC!",65,Private room,72 reviews,"Bedford-Stuyvesant, Brooklyn"
"Colorful, quiet, & near the subway!",90,Private room,56 reviews,"Boerum Hill, Brooklyn"
Northside Williamsburg Brooklyn Sm,55,Private room,1 review,"Williamsburg, Brooklyn"
Rare Historic Gem in Williamsburg,89,Private room,71 reviews,"Williamsburg, Brooklyn"
"Single room, City in 15! Great spot",50,Private room,14 reviews,"Bedford-Stuyvesant, Brooklyn"
Central Williamsburg Fab Large Room,70,Private room,8 reviews,"Williamsburg, Brooklyn"
Best Private Room in Williamsburg!,59,Private room,2 reviews,"Williamsburg, Brooklyn"
Cozy one bedroom on Bedford Ave,99,Entire home/apt,11 reviews,"Williamsburg, Brooklyn"
Private room in beautiful loft,68,Private room,42 reviews,"Clinton Hill, Brooklyn"
Option of 2 Beds + Private Bathroom,58,Private room,41 reviews,"Bushwick, Brooklyn"
BUDGET ROOM 15 MINUTES TO MANHATTAN,59,Private room,10 reviews,"Bushwick, Brooklyn"
"Great apartment in Williamsburg, NY",90,Entire home/apt,13 reviews,"Williamsburg, Brooklyn"
Designer 1 Bedroom in Williamsburg,135,Entire home/apt,22 reviews,"Williamsburg, Brooklyn"
Brooklyn Budget Williamsburg NYC 1,50,Private room,102 reviews,"Williamsburg, Brooklyn"
Private Room in 4Bed- Williamsburg,50,Private room,3 reviews,"Williamsburg, Brooklyn"
Small Room,70,Private room,21 reviews,"Park Slope, Brooklyn"
Bright Roomy Quiet Clean 3 bdr apt,100,Entire home/apt,6 reviews,"Greenpoint, Brooklyn"
New Listing!  Price reduced.  :),40,Private room,2 reviews,"Williamsburg, Brooklyn"
"Comfortable, Lovely Room on L Train",48,Private room,16 reviews,"Bushwick, Brooklyn"
Brooklyn Garden Apartment!,99,Private room,21 reviews,"Boerum Hill, Brooklyn"
Park Slope-Private Room/Bath/Entry,125,Private room,94 reviews,"Park Slope, Brooklyn"
Specious room in Brooklyn!!,75,Private room,5 reviews,"Crown Heights, Brooklyn"
A special home in Brooklyn,250,Entire home/apt,0 reviews,"Clinton Hill, Brooklyn"
XL Fort Greene Garden Apt,109,Private room,16 reviews,"Fort Greene, Brooklyn"
Best Bedroom with Private Bathroom,99,Private room,24 reviews,"Williamsburg, Brooklyn"
3br in Neo-French Reniassance Home,174,Entire home/apt,20 reviews,"Lefferts Garden, Brooklyn"
Private Room in 4Bed- Williamsburg,50,Private room,3 reviews,"Williamsburg, Brooklyn"
Private Room in Williamsburg Loft,115,Private room,50 reviews,"Williamsburg, Brooklyn"
Stay in super cool williamsburg! :),75,Private room,5 reviews,"Williamsburg, Brooklyn"
Luxe Private 1BR in Spacious Duplex,65,Private room,9 reviews,"Bushwick, Brooklyn"
Private Rm in Beautiful Brownstone,55,Private room,8 reviews,"Bushwick, Brooklyn"
Sunny Loft in Brooklyn by River,275,Entire home/apt,5 reviews,"Williamsburg, Brooklyn"
Private Room/Bathroom in Brooklyn,70,Private room,1 review,"Crown Heights, Brooklyn"
Spacious & Sunny in Prime Brooklyn,150,Entire home/apt,27 reviews,"Clinton Hill, Brooklyn"
"Delightful,Private,Brooklyn studio",90,Private room,119 reviews,"Bedford-Stuyvesant, Brooklyn"
Beautiful Cozy One Bedroom in Dumbo,150,Entire home/apt,7 reviews,"DUMBO, Brooklyn"
Sunny 1 or 2 BR apt in Boerum Hill,179,Entire home/apt,73 reviews,"Boerum Hill, Brooklyn"
Lively loft II!,69,Private room,26 reviews,"Williamsburg, Brooklyn"
Charming studio apartment!,120,Entire home/apt,39 reviews,"Fort Greene, Brooklyn"
"Great Room, Great Hosts, Great Hood",40,Private room,31 reviews,"Bushwick, Brooklyn"
"Delightful,Private,Brooklyn studio",90,Private room,119 reviews,"Bedford-Stuyvesant, Brooklyn"
HUGE room/ Williamsburg Waterfront!,109,Private room,60 reviews,"Williamsburg, Brooklyn"
Room in Charming Brooklyn Home,100,Private room,27 reviews,"Boerum Hill, Brooklyn"
Great Views Park Slope Barclay's,140,Entire home/apt,19 reviews,"Park Slope, Brooklyn"
Clinton Hill Perfect Room,70,Private room,112 reviews,"Clinton Hill, Brooklyn"
New York City room for rent!,35,Private room,6 reviews,"Bushwick, Brooklyn"
"Huge Brooklyn Loft w/Deck, NYC View",65,Private room,41 reviews,"Bedford-Stuyvesant, Brooklyn"
Large room in two-story Brownstown,68,Private room,1 review,"Prospect Heights, Brooklyn"
One bedroom - Clinton Hill,37,Private room,3 reviews,"Bedford-Stuyvesant, Brooklyn"
Huge Converted BR with Central Heat,34,Private room,2 reviews,"Bushwick, Brooklyn"
Spacious Room in a Brooklyn House,80,Private room,16 reviews,"Lefferts Garden, Brooklyn"
"Beautiful, Modern 2BR, Park Slope",140,Entire home/apt,17 reviews,"Park Slope, Brooklyn"
Artsy apt in heart of Williamsburg,90,Entire home/apt,31 reviews,"Williamsburg, Brooklyn"
Franklin ave.,69,Private room,0 reviews,"Crown Heights, Brooklyn"
"Cozy room, overlooking garden",65,Private room,28 reviews,"Bedford-Stuyvesant, Brooklyn"
Park Slope Brooklyn!  Sunny Bedroom,115,Private room,113 reviews,"Park Slope, Brooklyn"
"The Artsy, Cozy, Bushwick Railroad",50,Private room,18 reviews,"Bushwick, Brooklyn"
Beautiful room! Heart of Wburg BK!,75,Private room,52 reviews,"Williamsburg, Brooklyn"
Bright Sunny 8x13 Williamsburg Room,77,Private room,5 reviews,"Williamsburg, Brooklyn"
"Charming, Airy 2 Bedroom Brownstone",110,Entire home/apt,21 reviews,"Bedford-Stuyvesant, Brooklyn"
A Breathtaking Brooklyn Experience!,89,Private room,160 reviews,"Fort Greene, Brooklyn"
Central Williamsburg Fab Large Room,70,Private room,8 reviews,"Williamsburg, Brooklyn"
"Great studio, Fort Greene, Brooklyn",110,Entire home/apt,13 reviews,"Fort Greene, Brooklyn"
Private room25 min from time square,35,Private room,3 reviews,"Bushwick, Brooklyn"
Luxury Modern Loft,201,Entire home/apt,9 reviews,"Williamsburg, Brooklyn"
Mod Bushwick Escape by the L Train,50,Private room,27 reviews,"Bushwick, Brooklyn"
Prospect Park. Bikes. Garden.Trendy,65,Private room,16 reviews,"Flatbush, Brooklyn"
Sunny 1BR with patio near park,185,Entire home/apt,30 reviews,"Greenpoint, Brooklyn"
"Cozy, Quiet Room",60,Private room,5 reviews,"Williamsburg, Brooklyn"
Private brownstone studio Brooklyn,140,Entire home/apt,42 reviews,"Park Slope, Brooklyn"
HUGE room/ Williamsburg Waterfront!,109,Private room,60 reviews,"Williamsburg, Brooklyn"
Prime Williamsburg Loft off Bedford,129,Private room,52 reviews,"Williamsburg, Brooklyn"
Option of 2 Full Beds + Roof Deck,58,Private room,84 reviews,"Bushwick, Brooklyn"
Sunny Williamsburg Penthouse - 2BR,159,Entire home/apt,4 reviews,"Williamsburg, Brooklyn"
Entire Modern Loft with Balcony,135,Entire home/apt,52 reviews,"Bedford-Stuyvesant, Brooklyn"
Garden Bedroom in Williamsburg,60,Private room,7 reviews,"Williamsburg, Brooklyn"
Cobble Hill - room in artist loft,95,Private room,80 reviews,"Cobble Hill, Brooklyn"
Sunny Delight with Free Bikes!,60,Private room,7 reviews,"Clinton Hill, Brooklyn"
Sunny Central Williamsburg Apt,140,Entire home/apt,11 reviews,"Williamsburg, Brooklyn"
"Garden Apt: Williamsburg, Brooklyn",155,Entire home/apt,14 reviews,"Williamsburg, Brooklyn"
Charming Bedroom - Private Entrance,100,Private room,26 reviews,"Carroll Gardens, Brooklyn"
Unique 2 BR Loft downtown Brooklyn,140,Entire home/apt,8 reviews,"Clinton Hill, Brooklyn"
Stunning 1500 Sq Ft Designer Loft,225,Entire home/apt,39 reviews,"Williamsburg, Brooklyn"
Luminous 2BR in Park Slope NYC,169,Entire home/apt,12 reviews,"Park Slope, Brooklyn"
Park Slope Private Room and Bath,65,Private room,29 reviews,"Park Slope, Brooklyn"
"Great studio, Fort Greene, Brooklyn",110,Entire home/apt,13 reviews,"Fort Greene, Brooklyn"
B King Bed 2 Awesome Luxury Apt,100,Private room,22 reviews,"Williamsburg, Brooklyn"
WILLIAMSBURG SUNNY ROOM ON GRAHAM,125,Private room,6 reviews,"Williamsburg, Brooklyn"
"Cozy room, overlooking garden",65,Private room,28 reviews,"Bedford-Stuyvesant, Brooklyn"
Sunny Loft 15 min. to Union Square,85,Private room,104 reviews,"Williamsburg, Brooklyn"
"Great apartment in Williamsburg, NY",90,Entire home/apt,13 reviews,"Williamsburg, Brooklyn"
bright studio loft in artsy bldg,120,Entire home/apt,99 reviews,"Williamsburg, Brooklyn"
Designer Studio Apt in Red Hook,100,Entire home/apt,46 reviews,"Red Hook, Brooklyn"
Franklin ave.,69,Private room,0 reviews,"Crown Heights, Brooklyn"
Large Bedroom Downtown Brooklyn,100,Private room,17 reviews,"Fort Greene, Brooklyn"
"Sunny room, 1 bike, Prospect Park",40,Private room,45 reviews,"Flatbush, Brooklyn"
The Black and White Loft,68,Private room,4 reviews,"Williamsburg, Brooklyn"
Central Williamsburg Fab Large Room,70,Private room,8 reviews,"Williamsburg, Brooklyn"
1 Blk to Subway + Prospect Park B,50,Private room,33 reviews,"Flatbush, Brooklyn"
Bedroom//Hip Neighborhood//Backyard,40,Private room,74 reviews,"Bushwick, Brooklyn"
"Spacious, modern Apartment",150,Private room,26 reviews,"Williamsburg, Brooklyn"
Stunning 23 fl bedroom with views,125,Private room,25 reviews,"Downtown Brooklyn, Brooklyn"
Designer 1 Bedroom in Williamsburg,135,Entire home/apt,22 reviews,"Williamsburg, Brooklyn"
Spacious Room in NYC Loft,85,Private room,46 reviews,"Williamsburg, Brooklyn"
Large Cozy Loft Bedroom,89,Private room,11 reviews,"Williamsburg, Brooklyn"
Beautiful room attached to bathroom,78,Private room,37 reviews,"Greenpoint, Brooklyn"
Stunning and Modern next to Park,99,Entire home/apt,19 reviews,"Prospect Heights, Brooklyn"
"Huge Brooklyn Loft w/Deck, NYC View",75,Private room,30 reviews,"Bedford-Stuyvesant, Brooklyn"
Cozy Private Bedroom,70,Private room,0 reviews,"Crown Heights, Brooklyn"
Private Room Overlooks Garden!,55,Private room,13 reviews,"Greenpoint, Brooklyn"
The Vernon On Greene,179,Entire home/apt,103 reviews,"Bedford-Stuyvesant, Brooklyn"
Park Slope Private Room and Bath,65,Private room,29 reviews,"Park Slope, Brooklyn"
Private 1BR @ Spacious Sunny Duplex,65,Private room,9 reviews,"Bushwick, Brooklyn"
Newest Building in Williamsburg #2,102,Private room,9 reviews,"Williamsburg, Brooklyn"
Sunny Industrial Loft in Brooklyn,175,Entire home/apt,23 reviews,"Greenpoint, Brooklyn"
Clinton Hill Perfect Room,70,Private room,112 reviews,"Clinton Hill, Brooklyn"
Bedroom in the heart of Williamburg,95,Private room,11 reviews,"Williamsburg, Brooklyn"
Sunny Delight with Free Bikes!,60,Private room,7 reviews,"Clinton Hill, Brooklyn"
Homey Townhouse + PRIVATE Bathroom,120,Private room,103 reviews,"Boerum Hill, Brooklyn"
Beautiful Room w/ Rooftop Patio!,100,Private room,15 reviews,"Williamsburg, Brooklyn"
"Huge factory loft, prime location",225,Entire home/apt,38 reviews,"Williamsburg, Brooklyn"
Open Design Williamsburg Loft,269,Entire home/apt,55 reviews,"Williamsburg, Brooklyn"
New & Private Luxury Bedroom nr All,49,Private room,4 reviews,"Bushwick, Brooklyn"
"Convenient, Renovated 2 Bedroom",175,Entire home/apt,43 reviews,"Carroll Gardens, Brooklyn"
"Peace room, private bath, breakfast",80,Private room,27 reviews,"Bedford-Stuyvesant, Brooklyn"
Williamsburg 1st stop 3 bedroom,185,Entire home/apt,5 reviews,"Williamsburg, Brooklyn"
"Delightful,Private,Brooklyn studio",90,Private room,119 reviews,"Bedford-Stuyvesant, Brooklyn"
Stay in super cool williamsburg! :),75,Private room,5 reviews,"Williamsburg, Brooklyn"
Tiny little private nook!,35,Private room,21 reviews,"Crown Heights, Brooklyn"
Brooklyn Budget Williamsburg NYC 2,50,Private room,69 reviews,"Williamsburg, Brooklyn"
Best Room in Bushwick,45,Private room,19 reviews,"Bushwick, Brooklyn"
Beautiful new loft in greenpoint,90,Entire home/apt,15 reviews,"Greenpoint, Brooklyn"
Spacious Brooklyn private bed/bath,120,Private room,95 reviews,"Boerum Hill, Brooklyn"
#1~Studio Suite-10 mins Manhattan!,99,Entire home/apt,41 reviews,"Clinton Hill, Brooklyn"
NYC Special Occasions Room #1,29,Private room,75 reviews,"Bedford-Stuyvesant, Brooklyn"
"Cozy room, overlooking garden",65,Private room,28 reviews,"Bedford-Stuyvesant, Brooklyn"
Open Design Williamsburg Loft,269,Entire home/apt,55 reviews,"Williamsburg, Brooklyn"
Private Room in 4Bed- Williamsburg,50,Private room,3 reviews,"Williamsburg, Brooklyn"
Private Room and Private Bathroom,70,Private room,24 reviews,"Prospect Heights, Brooklyn"
Spacious Williamsburg Loft @Bedford,89,Private room,33 reviews,"Williamsburg, Brooklyn"
Oversized Bright FullyFurnished 1BR,60,Entire home/apt,20 reviews,"Bay Ridge, Brooklyn"
"Charming, Airy 2 Bedroom Brownstone",110,Entire home/apt,21 reviews,"Bedford-Stuyvesant, Brooklyn"
Cozy and spacious - rare for NYC!,68,Private room,31 reviews,"Bedford-Stuyvesant, Brooklyn"
Brooklyn Prospect Park Cozy Single,90,Private room,96 reviews,"Prospect Heights, Brooklyn"
1 bdrm apt GORGEOUS NY SKYLINE VIEW,200,Entire home/apt,8 reviews,"Williamsburg, Brooklyn"
Quirky Duplex - Historic Park Slope,75,Private room,43 reviews,"Park Slope, Brooklyn"
Your Own 2 Br Apt Bedford and Grand,180,Entire home/apt,78 reviews,"Williamsburg, Brooklyn"
very nice and very clean,65,Private room,0 reviews,"Bedford-Stuyvesant, Brooklyn"
NYC Living,50,Shared room,0 reviews,"Bay Ridge, Brooklyn"
SUN FILLED ROOM IN 2 BDRM APT,130,Private room,0 reviews,"Williamsburg, Brooklyn"
Spacious European ROom with Lights,40,Private room,0 reviews,"Bedford-Stuyvesant, Brooklyn"
Cozy 1bd in central Williamsburg,75,Shared room,0 reviews,"Williamsburg, Brooklyn"
LOVELY SUN FILLED W/ OUTDOOR PATIO,200,Entire home/apt,0 reviews,"Williamsburg, Brooklyn"
*PRIME Luxury Apt* -Bedford L Stop,115,Entire home/apt,0 reviews,"Williamsburg, Brooklyn"
"Modern, renovated garden apartment",190,Entire home/apt,0 reviews,"Park Slope, Brooklyn"
WILLIAMSBURG LUXURY HOME FROM HOME,180,Entire home/apt,0 reviews,"Williamsburg, Brooklyn"
Garden Apartment,199,Entire home/apt,0 reviews,"Park Slope, Brooklyn"
HIP ROOM 2 PRIME CHIC WILLYBURG!!,100,Private room,23 reviews,"Williamsburg, Brooklyn"
The Williamsburg Experience.,51,Private room,73 reviews,"Williamsburg, Brooklyn"
Beds Bikes Breakfast (on The Park!),55,Private room,36 reviews,"Flatbush, Brooklyn"
Art Lovers Space in Carroll Gardens,65,Private room,20 reviews,"Carroll Gardens, Brooklyn"
Spacious Private Bedroom & Living,99,Private room,169 reviews,"Park Slope, Brooklyn"
Fort Greene Brooklyn Studio Apt,140,Entire home/apt,2 reviews,"Fort Greene, Brooklyn"
Beds Bikes Breakfast (on the Park2),45,Private room,28 reviews,"Flatbush, Brooklyn"
"HUGE, SUNNY ROOM, BLOCK 4RM TRAIN!",110,Private room,3 reviews,"Williamsburg, Brooklyn"
Cozy room in Brooklyn,65,Private room,3 reviews,"Williamsburg, Brooklyn"
1BR Brownstone w/NYC Skyline View!,195,Entire home/apt,3 reviews,"Park Slope, Brooklyn"
A bedroom with a sunroom!,152,Entire home/apt,8 reviews,"Fort Greene, Brooklyn"
Brooklyn Garden Apartment!,99,Private room,21 reviews,"Boerum Hill, Brooklyn"
"Sunny, Spacious Apt w/Large BR",115,Entire home/apt,13 reviews,"Crown Heights, Brooklyn"
Cozy Room With private 1/2 bath,60,Private room,103 reviews,"Park Slope, Brooklyn"
The Geometric Loft,50,Private room,1 review,"Williamsburg, Brooklyn"
Private Williamsburg Duplex Loft,195,Entire home/apt,3 reviews,"Williamsburg, Brooklyn"
Comfy bed in friendly Homestel #C,33,Shared room,24 reviews,"Bedford-Stuyvesant, Brooklyn"
Sun-filled room in Boerum Hill,75,Private room,19 reviews,"Boerum Hill, Brooklyn"
"Williamsburg house, Lorimer L stop",95,Private room,28 reviews,"Williamsburg, Brooklyn"
*PRIME Luxury Apt* -Bedford L Stop,115,Entire home/apt,0 reviews,"Williamsburg, Brooklyn"
Spacious Park Slope brownstone,135,Entire home/apt,7 reviews,"Park Slope, Brooklyn"
Huge Room in South Williamsburg,75,Private room,71 reviews,"Williamsburg, Brooklyn"
Spacious Luxury Studio in Brooklyn,119,Entire home/apt,22 reviews,"Downtown Brooklyn, Brooklyn"
"Lovely Park Slope Apt, Brooklyn",105,Private room,22 reviews,"Park Slope, Brooklyn"
Loft 15min. to Manhattan,98,Entire home/apt,26 reviews,"Bushwick, Brooklyn"
Loft Studio in Brooklyn Brownstone,129,Entire home/apt,41 reviews,"Clinton Hill, Brooklyn"
Charming Pre-War 1BD in Park Slope,170,Entire home/apt,15 reviews,"Park Slope, Brooklyn"
Private Room and Private Bathroom,70,Private room,24 reviews,"Prospect Heights, Brooklyn"
Fort Greene brownstone,80,Private room,70 reviews,"Fort Greene, Brooklyn"
NYC Brklyn Cozy Rustic Artist Home,46,Private room,15 reviews,"Bushwick, Brooklyn"
Sunny room in W'burg Penthouse,65,Private room,4 reviews,"Williamsburg, Brooklyn"
Large Williamsburg Loft Apartment,200,Entire home/apt,37 reviews,"Williamsburg, Brooklyn"
Private room with sleeping loft,45,Private room,14 reviews,"Williamsburg, Brooklyn"
COMFY ROOM #2 ~ AMAZING LOCATION!,79,Private room,69 reviews,"Williamsburg, Brooklyn"
Private room25 min from time square,35,Private room,3 reviews,"Bushwick, Brooklyn"
Fort Greene Magic on Elliott Place,79,Private room,54 reviews,"Fort Greene, New York"
Cozy Sofa-bed in Williamsburg,45,Shared room,0 reviews,"Williamsburg, Brooklyn"
C King Bed Awesome Luxury Apt,100,Private room,24 reviews,"Williamsburg, Brooklyn"
"The Artsy, Cozy, Bushwick Railroad",50,Private room,18 reviews,"Bushwick, Brooklyn"
2 bed room app for Family/Couples,155,Entire home/apt,11 reviews,"Gowanus, Brooklyn"
Heart of W-burg Quiet 1 Bedroom,120,Entire home/apt,31 reviews,"Williamsburg, Brooklyn"
Sunny & modern  1bd/1ba home,140,Entire home/apt,11 reviews,"Clinton Hill, Brooklyn"
Beautiful Room near Manhattan,45,Private room,31 reviews,"Bedford-Stuyvesant, Brooklyn"
Spacious loft in Downtown Brooklyn,98,Private room,56 reviews,"Downtown Brooklyn, Brooklyn"
carriage house apartment,150,Entire home/apt,85 reviews,"Clinton Hill, Brooklyn"
Romantic loft heart of Brooklyn,120,Entire home/apt,1 review,"Bedford-Stuyvesant, Brooklyn"
"Large Bedroom, Stunning Apartment!",140,Private room,24 reviews,"Williamsburg, Brooklyn"
C Private Room Luxury Duplex Loft,100,Private room,16 reviews,"Williamsburg, Brooklyn"
Cozy room in nyc!,49,Private room,158 reviews,"Crown Heights, Brooklyn"
Large apartment w/ Parking,89,Entire home/apt,45 reviews,"Bushwick, Brooklyn"
Cozy KING Size Bed in Brooklyn,55,Private room,40 reviews,"East New York, Brooklyn"
Private Room in New York!,50,Private room,4 reviews,"Sunset Park, Brooklyn"
"Great Room, Great Hosts, Great Hood",40,Private room,31 reviews,"Bushwick, Brooklyn"
Private Bedroom in Wooden House,90,Private room,109 reviews,"Williamsburg, Brooklyn"
SUNNY penthouse w/patio & city view,95,Private room,40 reviews,"Williamsburg, Brooklyn"
"Big Sunny Guest Room, W'burg Bridge",74,Private room,111 reviews,"Williamsburg, Brooklyn"
Private Room in Williamsburg Loft,75,Private room,15 reviews,"Williamsburg, Brooklyn"
Room for a girl in Park Slope,45,Private room,15 reviews,"Park Slope, Brooklyn"
Cute brick wall Br in Williamsburg.,65,Private room,9 reviews,"Williamsburg, Brooklyn"
Gorgeous private NYC 2 BD duplex,137,Entire home/apt,10 reviews,"Bedford-Stuyvesant, Brooklyn"
Charming Room Private Entry Wburg,80,Private room,30 reviews,"Williamsburg, Brooklyn"
Private Flat Greenpoint Brooklyn,90,Entire home/apt,32 reviews,"Greenpoint, Brooklyn"
Great spot right on Bedford Ave!,70,Private room,20 reviews,"Williamsburg, Brooklyn"
Sun soaked studio in Williamsburg,140,Entire home/apt,16 reviews,"Williamsburg, Brooklyn"
Bedroom in Artsy Williamsburg loft,50,Private room,16 reviews,"Williamsburg, Brooklyn"
SUNNY MODERN LOFT 2 ON BEDFORD AVE!,100,Private room,29 reviews,"Williamsburg, Brooklyn"
Charming studio apartment!,120,Entire home/apt,39 reviews,"Fort Greene, Brooklyn"
Beautiful & Cozy on Bedford Ave!,75,Private room,16 reviews,"Williamsburg, Brooklyn"
"LOCATION! beautiful,spacious (Rm#1)",65,Private room,32 reviews,"Prospect Heights, Brooklyn"
Entire Spacious & Sunny Apartment,120,Entire home/apt,5 reviews,"Clinton Hill, Brooklyn"
Calm and Cozy in Brooklyn,36,Private room,7 reviews,"Bedford-Stuyvesant, Brooklyn"
"Gorgeous #1, Garden, Best Location",92,Private room,111 reviews,"Park Slope, Brooklyn"
Private Bedroom in the loft,60,Private room,18 reviews,"Bushwick, Brooklyn"
New City View Studio - Williamsburg,150,Entire home/apt,26 reviews,"Williamsburg, Brooklyn"
NYC Brklyn Cozy Rustic Artist Home,46,Private room,15 reviews,"Bushwick, Brooklyn"
HUGE ROOM 1 - 15 MINUTES >MANHATTAN,78,Private room,28 reviews,"Bushwick, Brooklyn"
Great 175 sq ft private room in BK,60,Private room,30 reviews,"Bedford-Stuyvesant, Brooklyn"
Prime Williamsburg. Brand new,69,Private room,45 reviews,"Williamsburg, Brooklyn"
CHEAP BIG room in Williamsburg,50,Private room,32 reviews,"Williamsburg, Williamsburg Brooklyn"
Private Room In a Modern HUGE Loft,99,Private room,38 reviews,"Williamsburg, Brooklyn"
Perfect bedroom–unbeatable location,135,Private room,25 reviews,"Williamsburg, Brooklyn"
Sunny Room in Bushwick Paradise,52,Private room,0 reviews,"Bushwick, Brooklyn"
#3~Studio Suite-10 mins Manhattan!,99,Entire home/apt,41 reviews,"Clinton Hill, Brooklyn"
Private Room in Trendy Bushwick,87,Private room,7 reviews,"Bushwick, Brooklyn"
"HUGE bdr, LOFT BEDFORD - 5MN Manhat",35,Private room,2 reviews,"Williamsburg, Brooklyn"
Cozy KING Size Bed in Brooklyn,55,Private room,40 reviews,"East New York, Brooklyn"
Comfy bed in friendly Homestel #2,32,Shared room,14 reviews,"Bedford-Stuyvesant, Brooklyn"
Spacious 1 Bedroom in Fort Greene,139,Entire home/apt,57 reviews,"Fort Greene, Brooklyn"
Comfy Private Bedroom in Bushwick,31,Private room,5 reviews,"Bushwick, Brooklyn"
LG Private Room/Family Friendly,75,Private room,28 reviews,"Bushwick, Brooklyn"
"MARCH into the ""Marais"" in Brooklyn",135,Entire home/apt,21 reviews,"Prospect Heights, Brooklyn"
"Creative Hub! Private, Unique, Fun!",55,Private room,16 reviews,"Bushwick, Brooklyn"
Private Room B in Lux Loft (3B),100,Private room,14 reviews,"Williamsburg, Brooklyn"
Bright Sunny 8x13 Williamsburg Room,77,Private room,5 reviews,"Williamsburg, Brooklyn"
Sweet n' Spectacular PARK SLOPE!!!,54,Private room,81 reviews,"Park Slope, Brooklyn"
White Studio by Verrazano Bridge,75,Entire home/apt,41 reviews,"Bay Ridge, Brooklyn"
Luxury Doorman Bldng near 11 trains,85,Private room,13 reviews,"Downtown Brooklyn, Brooklyn"
Mod Bushwick Escape by the L Train,50,Private room,27 reviews,"Bushwick, Brooklyn"
C King Bed Awesome Luxury Apt,100,Private room,24 reviews,"Williamsburg, Brooklyn"
"Cheap, Cheerful AND Super Cozy !!!!",45,Private room,56 reviews,"Crown Heights, Brooklyn"
Brooklyn Artist's Loft with Gym,70,Entire home/apt,1 review,"Bedford-Stuyvesant, Brooklyn"
Cozy Nook in a Unique Loft,82,Private room,26 reviews,"Bushwick, Brooklyn"
Beautiful flat - prime Williamsburg,140,Entire home/apt,26 reviews,"Williamsburg, Brooklyn"
Heart of Wberg Private Room 1E,80,Private room,18 reviews,"Williamsburg, Brooklyn"
Guestroom w/ 2 beds 20 mins to NYC,55,Private room,92 reviews,"Bushwick, Brooklyn"
Open artist loft close to Manhattan,125,Entire home/apt,20 reviews,"Williamsburg, Brooklyn"
Sunny 1BR in S Williamsburg off JMZ,130,Entire home/apt,11 reviews,"Williamsburg, Brooklyn"
Private 5 Stars Apt- Winter Sale,159,Entire home/apt,148 reviews,"Park Slope, Brooklyn"
1BD brownstone apt in Fort Greene!,120,Entire home/apt,17 reviews,"Fort Greene, Brooklyn"
Large room in great neighborhood,88,Private room,75 reviews,"Williamsburg, Brooklyn"
Loft in Fort Greene/Clinton Hill,99,Entire home/apt,0 reviews,"Clinton Hill, Brooklyn"
Spacious and Sunny Home,100,Entire home/apt,3 reviews,"Clinton Hill, Brooklyn"
Loft 305: Classic Brooklyn,179,Entire home/apt,31 reviews,"Greenpoint, Brooklyn"
Very Sweet Brooklyn Apt,90,Entire home/apt,15 reviews,"Gowanus, Brooklyn"
Brand New Spacious/Bright Apartment,150,Entire home/apt,95 reviews,"Crown Heights, Brooklyn"
"Peace room, private bath, breakfast",80,Private room,27 reviews,"Bedford-Stuyvesant, Brooklyn"
Lovely LOFT in south Williamsburg,195,Entire home/apt,8 reviews,"Williamsburg, Brooklyn"
comfy couch in spacious loft,41,Shared room,34 reviews,"Brooklyn Navy Yard, Brooklyn"
ARTS LOFT+OFFICE  in PRIME W'burg!,89,Private room,96 reviews,"Williamsburg, Brooklyn"
Huge bedroom in My Loft in New York,99,Private room,78 reviews,"Williamsburg, Brooklyn"
Charming Private Bedroom Nr All,49,Private room,1 review,"Bushwick, Brooklyn"
Private Room & Bath w/City Views,75,Private room,58 reviews,"Bedford-Stuyvesant, Brooklyn"
Bunk in Brooklyn 3,25,Shared room,3 reviews,"Crown Heights, Brooklyn"
Spacious room in Brooklyn.,75,Private room,14 reviews,"Crown Heights, Brooklyn"
Master suite in 3BR- heart of wburg,49,Private room,18 reviews,"Williamsburg, Brooklyn"
Large room with terrace by subway,70,Private room,48 reviews,"Bedford-Stuyvesant, Brooklyn"
Park Slope Private Bed+Livingroom!,80,Private room,47 reviews,"Park Slope, Brooklyn"
"IT""S A BEAUTIFUL DAY IN BROOKLYN! 1",70,Private room,17 reviews,"Bedford-Stuyvesant, Brooklyn"
Williamsburg Luxury,235,Entire home/apt,68 reviews,"Williamsburg, Brooklyn"
9 A Private Room Lux Loft,100,Private room,12 reviews,"Williamsburg, Brooklyn"
CHEAP BIG room in Williamsburg,50,Private room,32 reviews,"Williamsburg, Williamsburg Brooklyn"
Quiet apartment in lovely area,100,Entire home/apt,45 reviews,"Boerum Hill, Brooklyn"
Comfy bed in friendly Homestel #D,35,Shared room,22 reviews,"Bedford-Stuyvesant, Brooklyn"
Bright & Vibrant- The BK experience,50,Private room,23 reviews,"Crown Heights, Brooklyn"
Big 1 BR Apt in Williamsburg!,79,Entire home/apt,2 reviews,"Williamsburg, Brooklyn"
Williamsburg - Great Loft Apartment,40,Private room,47 reviews,"Williamsburg, Brooklyn"
Cozy room in warehouse style apt,59,Private room,34 reviews,"Williamsburg, Brooklyn"
Private Loft/Nest in Williamsburg,78,Private room,13 reviews,"Williamsburg, Brooklyn"
Private Bedroom Charming Park Slope,60,Private room,5 reviews,"Park Slope, Brooklyn"
Roof-Top Room in Williamsburg,132,Entire home/apt,217 reviews,"Williamsburg, Brooklyn"
Large Room in Modern Sunny Loft,70,Private room,16 reviews,"Williamsburg, Brooklyn"
Tiny little private nook!,35,Private room,21 reviews,"Crown Heights, Brooklyn"
Experience NYC For $26 Per Night!,26,Shared room,61 reviews,"Bedford-Stuyvesant, Brooklyn"
Brooklyn Zen,150,Entire home/apt,14 reviews,"Brooklyn Heights, Brooklyn"
SUNNY LOFT BROOKLYN close G TRAIN,138,Entire home/apt,6 reviews,"Bedford-Stuyvesant, Brooklyn"
Clean Private Room (in Brooklyn),62,Private room,77 reviews,"Greenpoint, Brooklyn"
Retreat in Williamsburg,185,Entire home/apt,120 reviews,"Williamsburg, Brooklyn"
SUN FILLED ROOM IN 2 BDRM APT,130,Private room,0 reviews,"Williamsburg, Brooklyn"
Bohemian Paradise in Industrial BK,99,Private room,61 reviews,"Williamsburg, Brooklyn"
Heart of Williamsburg. Brand New.,69,Private room,102 reviews,"Williamsburg, Brooklyn"
Lovely Brooklyn Heights Townhouse,150,Entire home/apt,69 reviews,"Brooklyn Heights, Brooklyn"
Luxurious Brooklyn Retreat,175,Entire home/apt,0 reviews,"Williamsburg, Brooklyn"
House on 11th - Garden Level Apt.,165,Entire home/apt,102 reviews,"Gowanus, Brooklyn"
"Balcony room, Wburg/Bwick penthouse",40,Private room,5 reviews,"Williamsburg, Brooklyn"
BEST DEAL IN BROOKLYN,40,Shared room,4 reviews,"Bushwick, Brooklyn"
Colorful Room in Artsy BedStuy Home,40,Private room,0 reviews,"Bedford-Stuyvesant, Brooklyn"
STUDIO APT SIZE ROOM /OWN BATHROOM,90,Private room,17 reviews,"Bedford-Stuyvesant, Brooklyn"
New York City room for rent!,35,Private room,6 reviews,"Bushwick, Brooklyn"
"Spacious & Sunny, Prospect Heights",160,Entire home/apt,37 reviews,"Prospect Heights, Brooklyn"
Greenpoint small studio,90,Private room,23 reviews,"Greenpoint, Brooklyn"
Sunny 1 or 2 BR apt in Boerum Hill,179,Entire home/apt,73 reviews,"Boerum Hill, Brooklyn"
NYC-Brooklyn #5 18 min to Manhattan,35,Private room,94 reviews,"Bedford-Stuyvesant, Brooklyn"
NEW MODERN LOFT 3 ON BEDFORD AVE!!!,100,Private room,33 reviews,"Williamsburg, Brooklyn"
Brooklyn Zen,150,Entire home/apt,14 reviews,"Brooklyn Heights, Brooklyn"
Huge Private Room in Williamsburg,57,Private room,10 reviews,"Williamsburg, Brooklyn"
2 BEDROOM APT: free WiFi & Jacuzzi,125,Entire home/apt,26 reviews,"Bedford-Stuyvesant, Brooklyn"
Nice Bedroom in Williamsburg Loft,145,Private room,7 reviews,"Williamsburg, Brooklyn"
*** BEST APT EVER!!-AVAILABLE NOW!,103,Private room,31 reviews,"Williamsburg, Brooklyn"
1b prime N Williamsburg NYC,140,Entire home/apt,5 reviews,"Williamsburg, Brooklyn"
"Sunny, cozy private room, Bushwick.",45,Private room,2 reviews,"Bushwick, Brooklyn"
Spacious Bedroom in Williamsburg,65,Private room,0 reviews,"Williamsburg, Brooklyn"
Modern 1 Bedroom Downtown Brooklyn,100,Private room,9 reviews,"Fort Greene, Brooklyn"
Studio Perfection in Williamsburg,155,Entire home/apt,0 reviews,"Williamsburg, Brooklyn"
COMFY ROOM #3 ~ AMAZING LOCATION!,79,Private room,74 reviews,"Williamsburg, Brooklyn"
Cozy Room in Heart of Williamsburg,80,Private room,8 reviews,"Williamsburg, Brooklyn"
ingefära hus! Williamsburg Center,80,Private room,87 reviews,"Williamsburg, Brooklyn"
"Minutes from Manhattan, Big Room!",50,Private room,5 reviews,"Lefferts Garden, Brooklyn"
Stylish 1br in Brooklyn Heights,95,Entire home/apt,0 reviews,"Brooklyn Heights, Brooklyn"
BUDGET RM+ 1/2BATH-15 MIN MANHATTAN,64,Private room,7 reviews,"Bushwick, Brooklyn"
Williamsburg Artist Loft,80,Private room,10 reviews,"Williamsburg, Brooklyn"
Bedroom in Brooklyn (Cobble Hill),70,Private room,1 review,"Downtown Brooklyn, Brooklyn"
HUGE Loft! Comfy! Light! Plants!,70,Private room,41 reviews,"Bushwick, Brooklyn"
Private Brooklyn Studio,99,Entire home/apt,23 reviews,"Fort Greene, Brooklyn"
Brooklyn Loft+City skyline view,50,Private room,10 reviews,"Williamsburg, Brooklyn"
The Institute—Heart of Williamsburg,250,Entire home/apt,110 reviews,"Williamsburg, Brooklyn"
Lovely 1BD in Williamsburg,160,Entire home/apt,2 reviews,"Williamsburg, Brooklyn"
Sunny & Spacious Brooklyn Apartment,150,Entire home/apt,0 reviews,"Bedford-Stuyvesant, Brooklyn"
Brooklyn Heights 1 Bedroom,160,Entire home/apt,2 reviews,"Brooklyn Heights, Brooklyn"
"Clean, homey, beautiful Garden apt.",100,Entire home/apt,11 reviews,"Bedford-Stuyvesant, Brooklyn"
Williamsburg Penthouse Hideaway,65,Private room,46 reviews,"Williamsburg, Brooklyn"
Williamsburg Garden Apartment,150,Entire home/apt,10 reviews,"Williamsburg, Brooklyn"
Spacious Williamsburg Loft @Bedford,89,Private room,33 reviews,"Williamsburg, Brooklyn"
Private Room in WBerg Flat 4B,90,Private room,33 reviews,"Williamsburg, Brooklyn"
KOZY ROOM IN FORT GREENE BROOKLYN..,66,Private room,98 reviews,"Fort Greene, Brooklyn"
SUNNY BIG ROOM IN STYLISH APT,80,Private room,19 reviews,"Bedford-Stuyvesant, New York"
"Bright, Large room with Queen Bed",95,Private room,1 review,"Williamsburg, Brooklyn"
"4 BR, 4 BA townhouse in South Slope",420,Entire home/apt,1 review,"Park Slope, Brooklyn"
"Bedford Loft, Williamsburg Prime",189,Entire home/apt,55 reviews,"Williamsburg, Brooklyn"
Spacious Boho Apt. in Willliamsburg,115,Entire home/apt,1 review,"Williamsburg, Brooklyn"
Artsy apt in heart of Williamsburg,90,Entire home/apt,31 reviews,"Williamsburg, Brooklyn"
Cozy Room With private 1/2 bath,60,Private room,103 reviews,"Park Slope, Brooklyn"
"Gorgeous #1, Garden, Best Location",92,Private room,111 reviews,"Park Slope, Brooklyn"
Warm Apt 1 stop away from Manhattan,85,Private room,16 reviews,"Williamsburg, Brooklyn"
Bright & Happy Room on L Train,49,Private room,13 reviews,"Bushwick, Brooklyn"
Private BR + BR in modern Brkln apt,128,Private room,0 reviews,"Prospect Heights, Brooklyn"
Modern Loft Apt in Williamsburg,249,Entire home/apt,33 reviews,"Williamsburg, Brooklyn"
"Spacious Apartment, All Included!",78,Private room,67 reviews,"Bedford-Stuyvesant, Brooklyn"
Comfy bed in friendly Homestel #3,32,Shared room,24 reviews,"Bedford-Stuyvesant, Brooklyn"
SUNNY ROOM A- 15 MINUTES >MANHATTAN,78,Private room,18 reviews,"Bushwick, Brooklyn"
"Big 2 bdrm in DUMBO, Brooklyn, NY",195,Entire home/apt,29 reviews,"DUMBO, Brooklyn"
Spacious Studio 5 Min to Manhattan,115,Entire home/apt,4 reviews,"Downtown Brooklyn, Brooklyn"
2.5 room suite in quiet brownstone,105,Entire home/apt,12 reviews,"Bedford-Stuyvesant, Brooklyn"
Quiet apartment in lovely area,100,Entire home/apt,45 reviews,"Boerum Hill, Brooklyn"
PRIVATE and SUNNY Williamsburg Apt!,139,Entire home/apt,149 reviews,"Williamsburg, Brooklyn"
Charming 2 BR Duplex-- Clinton Hill,185,Entire home/apt,68 reviews,"Clinton Hill, Brooklyn"
THE Apartment by Prospect Park!,75,Entire home/apt,18 reviews,"Lefferts Garden, Brooklyn"
"Huge factory loft, prime location",225,Entire home/apt,38 reviews,"Williamsburg, Brooklyn"
Converted Church in Williamsburg,200,Entire home/apt,1 review,"Williamsburg, Brooklyn"
"Sunny, calm room in Victorian home",79,Private room,65 reviews,"Bedford-Stuyvesant, Brooklyn"
"♡ of Williamsburg,sunny & private",50,Private room,47 reviews,"Williamsburg, Brooklyn"
Prime Park Slope Quiet BR w Kitchen,100,Entire home/apt,56 reviews,"Park Slope, Brooklyn"
Luxury Loft Private Room A (3C),100,Private room,26 reviews,"Williamsburg, Brooklyn"
Picture Perfect Brooklyn Apartment,80,Private room,1 review,"Brooklyn Heights, Brooklyn"
Brooklyn Apt. with Private Garden,100,Entire home/apt,21 reviews,"Clinton Hill, Brooklyn"
Private Room in Brooklyn Apartment,70,Private room,10 reviews,"Bushwick, Brooklyn"
Large Studio near Prospect Park,90,Entire home/apt,32 reviews,"East Flatbush, Brooklyn"
"Cool, quiet Park Slope apartment",125,Entire home/apt,3 reviews,"Park Slope, Brooklyn"
Sunny Studio on Prospect Park,100,Entire home/apt,3 reviews,"Prospect Heights, Brooklyn"
Private room in beautiful loft,68,Private room,42 reviews,"Clinton Hill, Brooklyn"
"Sun drenched home, corner of park",54,Private room,5 reviews,"Fort Greene, Brooklyn"
"Cozy Rooftop apt in Brooklyn, NY",100,Entire home/apt,33 reviews,"Clinton Hill, Brooklyn"
Entire Apartment (~700 sq feet),130,Entire home/apt,7 reviews,"Williamsburg, Brooklyn"
Garden Suite in Fort Greene,90,Entire home/apt,78 reviews,"Fort Greene, Brooklyn"
Private room off L train,65,Private room,4 reviews,"Williamsburg, Brooklyn"
"Stay Day,Week,Month",100,Private room,30 reviews,"Crown Heights, Brooklyn"
Luxury Landmark Converted Stable,600,Entire home/apt,107 reviews,"Clinton Hill, Brooklyn"
Beautiful communal house Bushwick,60,Private room,7 reviews,"Bushwick, Brooklyn"
Private room in Wberg APT 3D,90,Private room,32 reviews,"Williamsburg, Brooklyn"
Room with En Suite Bathroom & Deck,85,Private room,216 reviews,"Clinton Hill, Brooklyn"
"Sunny, Spacious 1BR apt- city views",210,Entire home/apt,16 reviews,"Williamsburg, Brooklyn"
Large Room with Private Bathroom,37,Private room,2 reviews,"Clinton Hill, Brooklyn"
Pretty and Private in Clinton Hill,100,Private room,7 reviews,"Clinton Hill, Brooklyn"
Hip Luxury Williamsburg Apartment,140,Entire home/apt,14 reviews,"Williamsburg, Brooklyn"
Charming Williamsburg Room,98,Private room,12 reviews,"Williamsburg, Brooklyn"
The Real Cool Large Private Deal,195,Entire home/apt,91 reviews,"Williamsburg, Brooklyn"
Cozy 2 br in sunny Fort Greene apt,100,Private room,12 reviews,"Fort Greene, Brooklyn"
Sunny One Bedroom In Williamsburg.,150,Entire home/apt,9 reviews,"Williamsburg, Brooklyn"
Cozy Room with Private Backyard,70,Private room,3 reviews,"Crown Heights, Brooklyn"
Large Studio in Crown Heights,84,Entire home/apt,2 reviews,"Crown Heights, Brooklyn"
Park Slope Oasis: Your home base!,109,Entire home/apt,5 reviews,"Park Slope, Brooklyn"
Your own floor in a beautiful house,100,Private room,20 reviews,"Flatbush, Brooklyn"
Lovely Studio Loft,70,Entire home/apt,27 reviews,"Gowanus, Brooklyn"
Large sunny room in S. Williamsburg,70,Private room,3 reviews,"Williamsburg, Brooklyn"
"Cozy Room in Carroll Gardens, BK",60,Private room,5 reviews,"Carroll Gardens, Brooklyn"
Room with En Suite Bathroom & Deck,85,Private room,216 reviews,"Clinton Hill, Brooklyn"
PAINTERS PARADISE / GREENPOINT,165,Entire home/apt,21 reviews,"Greenpoint, Brooklyn"
Easter in New York/Williamsburg?,150,Entire home/apt,1 review,"Williamsburg, Brooklyn"
Cozy Bed-Stuy Brownstone Loft,65,Entire home/apt,24 reviews,"Bedford-Stuyvesant, Brooklyn"
Large bedroom steps to subway,49,Private room,13 reviews,"Crown Heights, Brooklyn"
Garden Apartment in Townhouse,145,Entire home/apt,15 reviews,"Clinton Hill, Brooklyn"
Stunning Greenpoint Penthouse,100,Private room,16 reviews,"Greenpoint, Brooklyn"
Cosy Sunny 1brm in Prospect Heights,107,Entire home/apt,20 reviews,"Crown Heights, Brooklyn"
"1899 BK Mansion, 15min to Manhattan",52,Private room,11 reviews,"Bushwick, Brooklyn"
Private Bedroom in Wooden House,90,Private room,109 reviews,"Williamsburg, Brooklyn"
Sunny Modern Brooklyn One Bedroom,90,Entire home/apt,1 review,"Clinton Hill, Brooklyn"
Williamsburg room(s) backyard!,65,Private room,29 reviews,"Williamsburg, Brooklyn"
Perfect New York Studio Apartment,100,Entire home/apt,2 reviews,"Prospect Heights, Brooklyn"
"Quaint Studio, Fort Green, Brooklyn",125,Entire home/apt,3 reviews,"Fort Greene, Brooklyn"
Luminous 2 br in Caroll Gardens,125,Entire home/apt,4 reviews,"Boerum Hill, Brooklyn"
Private Master Suite in Park Slope,115,Private room,98 reviews,"Park Slope, Brooklyn"
"NYC, Modern & Comfortable. THE ONE",199,Entire home/apt,56 reviews,"Williamsburg, Brooklyn"
Cute Bright Loft Bedroom,100,Private room,106 reviews,"Williamsburg, Brooklyn"
Sunny room in picturesque Brooklyn,60,Private room,2 reviews,"Prospect Heights, Brooklyn"
Clean and Cozy 1BD,83,Entire home/apt,3 reviews,"Prospect Heights, Brooklyn"
Romantic loft heart of Brooklyn,120,Entire home/apt,1 review,"Bedford-Stuyvesant, Brooklyn"
"Classic Brooklyn, share for women.",55,Private room,27 reviews,"Crown Heights, Brooklyn"
Affordable bedroom by Barclays Cntr,45,Private room,44 reviews,"Lefferts Garden, Brooklyn"
Specious room in Brooklyn!!,75,Private room,5 reviews,"Crown Heights, Brooklyn"
"Luxury Condo 2 Bedroom, 2 Bath",200,Entire home/apt,0 reviews,"Fort Greene, Brooklyn"
Large Room with Private Bathroom,37,Private room,2 reviews,"Clinton Hill, Brooklyn"
KOZY ROOM IN FORT GREENE BROOKLYN..,66,Private room,98 reviews,"Fort Greene, Brooklyn"
Private Studio in S. Williamsburg!,100,Entire home/apt,7 reviews,"Williamsburg, Brooklyn"
Studio 10 mins From Manhattan !,100,Entire home/apt,33 reviews,"Fort Greene, Brooklyn"
"Minutes from Manhattan, Big Room!",50,Private room,5 reviews,"Lefferts Garden, Brooklyn"
"Where Brooklyn at, on this block",65,Private room,6 reviews,"Carroll Gardens, Brooklyn"
Beautiful Private Room with Bath,65,Private room,51 reviews,"Bedford-Stuyvesant, Brooklyn"
Blissful Boudoirs in Brooklyn,110,Entire home/apt,32 reviews,"Bedford-Stuyvesant, Brooklyn"
The Notorious B.N.B. { Erhart II },199,Private room,24 reviews,"Clinton Hill, Brooklyn"
"Lovely Home--Clinton Hill, Brooklyn",150,Entire home/apt,8 reviews,"Clinton Hill, Brooklyn"
Williamsburg/Spacious/Private Bdrm!,65,Private room,2 reviews,"Williamsburg, Brooklyn"
SUPER BIG AND COZY PRIVATE BEDROOM,39,Private room,50 reviews,"Kensington, Brooklyn"
Sun-Drenched Brooklyn Floorthrough,269,Entire home/apt,7 reviews,"Boerum Hill, Brooklyn"
Large Private B&B Style Studio,80,Entire home/apt,48 reviews,"Bedford-Stuyvesant, Brooklyn"
Stunning artist loft 1 stop to Manh,149,Entire home/apt,2 reviews,"Williamsburg, Brooklyn"
Cozy room w private entrance!,35,Private room,5 reviews,"Bushwick, Brooklyn"
"Private Room, Big Apt near L train",75,Private room,20 reviews,"Bushwick, Brooklyn"
"Modern, renovated garden apartment",190,Entire home/apt,0 reviews,"Park Slope, Brooklyn"
Calm and Cozy in Brooklyn,36,Private room,7 reviews,"Bedford-Stuyvesant, Brooklyn"
Fabulous Industrial Dumbo Loft,125,Private room,35 reviews,"DUMBO, Brooklyn"
Charming room near Park & Museum!,48,Private room,4 reviews,"Prospect Heights, Brooklyn"
"Big Sunny Guest Room, W'burg Bridge",74,Private room,111 reviews,"Williamsburg, Brooklyn"
Modern Williamsburg Apt near Metro,99,Private room,27 reviews,"Williamsburg, Brooklyn"
Studio Apt. in East Williamsburg,95,Entire home/apt,36 reviews,"Williamsburg, Brooklyn"
Brooklyn Home on Von King Park,75,Private room,3 reviews,"Bedford-Stuyvesant, Brooklyn"
Stylish Arty Brooklyn Appartment #4,175,Entire home/apt,14 reviews,"Boerum Hill, Brooklyn"
Private Bedroom in Williamsburg,98,Private room,27 reviews,"Williamsburg, Brooklyn"
Gorgeous house Room 2 BEST location,92,Private room,86 reviews,"Park Slope, Brooklyn"
Designer's apartment in Vinegar Hil,120,Private room,17 reviews,"Vinegar Hill, Brooklyn"
"Big 2 bdrm in DUMBO, Brooklyn, NY",195,Entire home/apt,29 reviews,"DUMBO, Brooklyn"
Artist's Room - Sunny Artsy Loft,73,Private room,54 reviews,"Williamsburg, Brooklyn"
Spacious and Light Brooklyn Loft,220,Entire home/apt,9 reviews,"Williamsburg, Brooklyn"
Spacious and Light Brooklyn Loft,220,Entire home/apt,9 reviews,"Williamsburg, Brooklyn"
A Luxury Private Room in  Duplex,100,Private room,7 reviews,"Williamsburg, Brooklyn"
Cozy 1-BR W-burg - PERFECT LOCATION,80,Entire home/apt,11 reviews,"Williamsburg, Brooklyn"
Rare Williamsburg Penthouse Retreat,105,Private room,31 reviews,"Williamsburg, Brooklyn"
"Cozy, Cool, and Budget-Friendly",60,Private room,4 reviews,"Flatbush, Brooklyn"
Sweet and Neat Cobble Hill 1 BR,199,Entire home/apt,33 reviews,"Boerum Hill, Brooklyn"
Beautiful communal house Bushwick,60,Private room,7 reviews,"Bushwick, Brooklyn"
The Notorious B.N.B. { Erhart II },199,Private room,24 reviews,"Clinton Hill, Brooklyn"
Cozy Bedroom in Williamsburg 2 BR,80,Private room,74 reviews,"Williamsburg, Brooklyn"
Private 5 Stars Apt- Winter Sale,159,Entire home/apt,148 reviews,"Park Slope, Brooklyn"
Large Room in Williamsburg,50,Private room,1 review,"Williamsburg, Brooklyn"
Experience NYC For $26 Per Night!,26,Shared room,42 reviews,"Bedford-Stuyvesant, Brooklyn"
Fantastic apartment in Wburg/Gpt,75,Private room,7 reviews,"Greenpoint, Brooklyn"
Gorgeous duplex 1 BR Brownstone apt,150,Entire home/apt,25 reviews,"Clinton Hill, Brooklyn"
Bright room in homey apartment,48,Private room,2 reviews,"Bedford-Stuyvesant, Brooklyn"
"Cozy, quiet Williamsburg Apartment",75,Private room,2 reviews,"Williamsburg, Brooklyn"
Bright spacious studio room William,100,Private room,4 reviews,"Williamsburg, Brooklyn"
Charming room in scenic Park Slope,75,Private room,0 reviews,"Park Slope, Brooklyn"
"Spacious, Private, Convenient 1 BR!",80,Private room,6 reviews,"Brooklyn Heights, Brooklyn"
"Brand New, Boutique Brooklyn Condo",150,Entire home/apt,16 reviews,"Fort Greene, Brooklyn"
Park Slope Pied a Terre,89,Entire home/apt,168 reviews,"Park Slope, Brooklyn"
Sunny Room in the Heart of it All!,98,Private room,51 reviews,"Williamsburg, Brooklyn"
ARTS LOFT+OFFICE  in PRIME W'burg!,89,Private room,96 reviews,"Williamsburg, Brooklyn"
Spacious Back Room in Brownstone,115,Private room,9 reviews,"Park Slope, Brooklyn"
SUNNY BIG ROOM IN STYLISH APT,80,Private room,19 reviews,"Bedford-Stuyvesant, New York"
Loft Studio with Private Bathroom,80,Private room,79 reviews,"Bedford-Stuyvesant, Brooklyn"
Cozy and homey railroad in bushwick,90,Entire home/apt,7 reviews,"Bushwick, Brooklyn"
Williamsburg Cozy Private Room,75,Private room,3 reviews,"Williamsburg, Brooklyn"
Huge classy bedroom in Williamsburg,70,Private room,11 reviews,"Williamsburg, Brooklyn"
Lively loft in Prime Williamsburg!,110,Entire home/apt,2 reviews,"Williamsburg, Brooklyn"
Spacious Room in Bushwick!,55,Private room,12 reviews,"Bushwick, Queens"
Park Slope Green Guest House,135,Entire home/apt,222 reviews,"Park Slope, Brooklyn"
Colorful Room in Artsy BedStuy Home,40,Private room,0 reviews,"Bedford-Stuyvesant, Brooklyn"
Small room in lovely shared house,48,Private room,38 reviews,"Greenpoint, Brooklyn"
D Private Room Luxury Duplex Loft,100,Private room,12 reviews,"Williamsburg, Brooklyn"
Rm in Fort Greene BK close to city,85,Private room,54 reviews,"Clinton Hill, Brooklyn"
Prospect Heights Pied-a-terre,119,Entire home/apt,4 reviews,"Crown Heights, Brooklyn"
3 bedroom loft in Williamsburg,400,Entire home/apt,8 reviews,"Williamsburg, Brooklyn"
SUNNY ROOM A PRIME CHIC WILLYBURG!!,100,Private room,23 reviews,"Williamsburg, Brooklyn"
DUPLEX Williamsburg near subway,180,Entire home/apt,35 reviews,"Williamsburg, Brooklyn"
Sunny Studio in Brooklyn,80,Entire home/apt,1 review,"Crown Heights, Brooklyn"
Sunny 1BR in S Williamsburg off JMZ,130,Entire home/apt,11 reviews,"Williamsburg, Brooklyn"
VIEWS VIEWS VIEWS from Designer Apt,175,Entire home/apt,2 reviews,"Williamsburg, Brooklyn"
New 1BR + 1BA with Private Entrance,89,Private room,23 reviews,"Bedford-Stuyvesant, Brooklyn"
Charming studio apartment!,120,Entire home/apt,39 reviews,"Fort Greene, Brooklyn"
Downtown Brooklyn Luxury Building,100,Shared room,11 reviews,"Fort Greene, Brooklyn"
Option of 2 Full Beds + Roof Deck,58,Private room,84 reviews,"Bushwick, Brooklyn"
Beautiful Space in Brooklyn Heights,250,Entire home/apt,7 reviews,"Brooklyn Heights, Brooklyn"
Stylish Flat with Stunning Rooftop,229,Entire home/apt,10 reviews,"Williamsburg, Brooklyn"
Stylish Arty Brooklyn Appartment #4,175,Entire home/apt,14 reviews,"Boerum Hill, Brooklyn"
"Wiliamsburg 3BDR ,Private Deck",320,Entire home/apt,3 reviews,"Williamsburg, Brooklyn"
Beautiful Bright Williamsburg Apt.,175,Entire home/apt,1 review,"Williamsburg, Brooklyn"
Chez Louise sunny BK garden apt.,110,Entire home/apt,1 review,"Bedford-Stuyvesant, Brooklyn"
Charming Studio in Carroll Gardens,100,Entire home/apt,4 reviews,"Carroll Gardens, Brooklyn"
Sunny Brownstone 2 Bdr Apartment,139,Entire home/apt,17 reviews,"Bedford-Stuyvesant, Brooklyn"
Inspiring spacious loft space,100,Private room,13 reviews,"Williamsburg, Brooklyn"
HEART OF THE HEIGHTS - GORGEOUS 1BR,240,Entire home/apt,38 reviews,"Brooklyn Heights, Brooklyn"
Full apartment close to G & L train,100,Entire home/apt,13 reviews,"Greenpoint, Brooklyn"
"Cheap, Cheerful AND Super Cozy !!!!",45,Private room,56 reviews,"Crown Heights, Brooklyn"
Cozy Light-Filled Railroad Apt,150,Entire home/apt,2 reviews,"Park Slope, Brooklyn"
Brand New Spacious/Bright Apartment,150,Entire home/apt,95 reviews,"Crown Heights, Brooklyn"
THE Apartment by Prospect Park!,75,Entire home/apt,18 reviews,"Lefferts Garden, Brooklyn"
Charming brownstone apartment in BK,100,Entire home/apt,0 reviews,"Cobble Hill, Brooklyn"
Best Bedroom with Private Bathroom,99,Private room,24 reviews,"Williamsburg, Brooklyn"
Huge BR in W'Burg - pvt terrace,109,Private room,4 reviews,"Williamsburg, Brooklyn"
Modern Sunny 1 Bed Steps to Train,100,Entire home/apt,2 reviews,"Fort Greene, Brooklyn"
2 MONTH SUBLET AVAIL IN GREENPOINT,1100,Private room,0 reviews,"Greenpoint, Brooklyn"
Charming Carriage House Suite,156,Entire home/apt,179 reviews,"Williamsburg, Brooklyn"
Cozy and spacious - rare for NYC!,68,Private room,31 reviews,"Bedford-Stuyvesant, Brooklyn"
Spatious room in historic Brooklyn,100,Private room,4 reviews,"Clinton Hill, Brooklyn"
Private room in Fort Greene Bklyn,75,Private room,17 reviews,"Fort Greene, Brooklyn"
1 BR/terrace Apt Boerum Hill BK!,125,Entire home/apt,3 reviews,"Downtown Brooklyn, Brooklyn"
Beautiful Cozy One Bedroom in Dumbo,150,Entire home/apt,7 reviews,"DUMBO, Brooklyn"
"Quaint, beautiful studio Brooklyn",150,Entire home/apt,38 reviews,"Boerum Hill, Brooklyn"
Brooklyn Heights 1 Bed,145,Entire home/apt,0 reviews,"Brooklyn Heights, Brooklyn"
Entire Waterfront Loft; City Views,205,Entire home/apt,74 reviews,"Brooklyn Navy Yard, Brooklyn"
Luxury Fort Greene Brooklyn Apt,159,Entire home/apt,3 reviews,"Fort Greene, Brooklyn"
Stay in the 2nd bedroom at The L,85,Private room,11 reviews,"Bushwick, Brooklyn"
Master Bed Bushwick Vacation NYC,55,Private room,39 reviews,"Bushwick, Brooklyn"
PRIVATE SUITE in Williamsburg BK,80,Private room,3 reviews,"Williamsburg, Brooklyn"
MINUTES FROM EVERYWHERE!,55,Private room,9 reviews,"Bedford-Stuyvesant, Brooklyn"
Sunny Room in the heart of W'burg,65,Private room,27 reviews,"Williamsburg, Brooklyn"
Beautiful 3 bedroom apartment!!,98,Entire home/apt,51 reviews,"Crown Heights, Brooklyn"
Huge Loft Bed + Rock Climbing Wall,59,Private room,33 reviews,"Bedford-Stuyvesant, Brooklyn"
Comfy and Smart on Prospect Park,55,Private room,6 reviews,"Lefferts Garden, Brooklyn"
HEART OF WILIAMSBURG COZIEST STUDIO,110,Entire home/apt,45 reviews,"Williamsburg, Brooklyn"
Small Room,70,Private room,21 reviews,"Park Slope, Brooklyn"
Unforgettable stay in NYC! Book now,70,Private room,10 reviews,"East Flatbush, Brooklyn"
"Sunny, Quiet and Convenient Room",90,Private room,64 reviews,"Williamsburg, Brooklyn"
Clean & Convenient in Brooklyn,50,Private room,11 reviews,"Clinton Hill, Brooklyn"
Charm & Beauty close to Manhattan,99,Entire home/apt,33 reviews,"Bedford-Stuyvesant, Brooklyn"
Beautiful Private Room by the park,68,Private room,10 reviews,"Williamsburg, Brooklyn"
Sunny Bedroom in Williamsburg,80,Private room,4 reviews,"Williamsburg, Brooklyn"
Sunny room in picturesque Brooklyn,60,Private room,2 reviews,"Prospect Heights, Brooklyn"
COMFY ROOM #3 ~ AMAZING LOCATION!,79,Private room,74 reviews,"Williamsburg, Brooklyn"
Historic Fort Greene & Clinton Hill,129,Entire home/apt,29 reviews,"Clinton Hill, Brooklyn"
Brooklyn Oasis - Master Bedroom,89,Private room,18 reviews,"Lefferts Garden, Brooklyn"
Duplex w/ Patio @ Box House Hotel,225,Entire home/apt,28 reviews,"Greenpoint, Brooklyn"
ZEN LOFT 1 - INSTANT BOOK NOW :),80,Private room,10 reviews,"Williamsburg, Brooklyn"
Cozy rooms with private bath,85,Private room,15 reviews,"Kensington, Brooklyn"
Luxury Flat with Outdoor & Office,250,Entire home/apt,24 reviews,"DUMBO, Brooklyn"
Beautiful room attached to bathroom,78,Private room,37 reviews,"Greenpoint, Brooklyn"
Vintage Gem with Modern Amenities,315,Entire home/apt,17 reviews,"Clinton Hill, Brooklyn"
Bargain Private Room #1,79,Private room,26 reviews,"Bushwick, Brooklyn"
"Sweet, Serene Brooklyn Apartment",110,Entire home/apt,7 reviews,"Bedford-Stuyvesant, Brooklyn"
Bright Brooklyn garden apartment!,110,Entire home/apt,35 reviews,"Bedford-Stuyvesant, Brooklyn"
Nice room next to Prospect Park!,59,Private room,49 reviews,"Lefferts Garden, New York"
Invitation to travelers,85,Private room,5 reviews,"Bedford-Stuyvesant, Brooklyn"
A Brooklyn Home Away From Home,55,Private room,54 reviews,"Bedford-Stuyvesant, Brooklyn"
BIG 2 Bed/2 Bath in Prime Brooklyn!,200,Entire home/apt,19 reviews,"Cobble Hill, Brooklyn"
Bright+Spacious Williamsburg Abode!,100,Entire home/apt,47 reviews,"Williamsburg, Brooklyn"
Studio Apartment in Williamsburg,125,Entire home/apt,3 reviews,"Williamsburg, Brooklyn"
Bright  1BR Near 7th Ave F Train!,150,Entire home/apt,26 reviews,"Park Slope, Brooklyn"
"1 br Williamsburg Brooklyn Condo,",100,Entire home/apt,2 reviews,"Williamsburg, Brooklyn"
Best Location Bright Apt- Bedford L,140,Entire home/apt,13 reviews,"Williamsburg, Brooklyn"
1 BR Williamsburg Water Front Loft,140,Entire home/apt,6 reviews,"Williamsburg, Brooklyn"
Private Room & Bath w/City Views,75,Private room,58 reviews,"Bedford-Stuyvesant, Brooklyn"
Stay in super cool williamsburg! :),75,Private room,5 reviews,"Williamsburg, Brooklyn"
Private room in Bushwick Loft,55,Private room,1 review,"Bushwick, Brooklyn"
LOVELY SUN FILLED W/ OUTDOOR PATIO,200,Entire home/apt,0 reviews,"Williamsburg, Brooklyn"
Large room in great neighborhood,88,Private room,75 reviews,"Williamsburg, Brooklyn"
Perfect For The Holidays!,135,Entire home/apt,2 reviews,"Crown Heights, Brooklyn"
NYC artists’ loft with roof deck,50,Private room,57 reviews,"Greenpoint, Brooklyn"
Prospect Heights: Bright 1 BR,99,Entire home/apt,1 review,"Crown Heights, Brooklyn"
Spacious w/ Private Rooftop!,69,Private room,15 reviews,"Williamsburg, Brooklyn"
Fab Brooklyn loft with great views,160,Entire home/apt,10 reviews,"Carroll Gardens, Brooklyn"
Sunny Room in Bushwick,125,Private room,17 reviews,"Williamsburg, Brooklyn"
Brand new 2 bedroom apartment,120,Entire home/apt,0 reviews,"Bedford-Stuyvesant, Brooklyn"
Sunny and Spacious Apartment.,100,Private room,8 reviews,"Crown Heights, Brooklyn"
4 Bed Charming Large Apt nr Subway,269,Entire home/apt,0 reviews,"Bushwick, Brooklyn"
Beautiful Spot on Manhattan Ave.,59,Private room,12 reviews,"Greenpoint, Brooklyn"
Penthouse designer loft with a view,160,Private room,32 reviews,"Williamsburg, Brooklyn"
Bedroom in a spacious artsy Loft  C,50,Private room,8 reviews,"Williamsburg, Brooklyn"
1bdrm in sunny 2bd apt in cute area,106,Private room,1 review,"Clinton Hill, Brooklyn"
Spacious Lovely Retreat In Hot Hood,140,Entire home/apt,5 reviews,"Park Slope, Brooklyn"
Huge BR in W'Burg - pvt terrace,109,Private room,4 reviews,"Williamsburg, Brooklyn"
Option of 2 Beds + Private Bathroom,58,Private room,41 reviews,"Bushwick, Brooklyn"
1400ft 2BR Loft BedfordWilliamsburg,240,Entire home/apt,14 reviews,"Williamsburg, Brooklyn"
9D Private Room in W'Burg,100,Private room,5 reviews,"Williamsburg, Brooklyn"
Williamsburg Garden Apartment,195,Entire home/apt,19 reviews,"Williamsburg, Brooklyn"
Charming Spacious Master Bedroom,80,Private room,10 reviews,"Greenpoint, Brooklyn"
Cozy Top Floor Room of Brownstone,75,Private room,5 reviews,"Park Slope, Brooklyn"
Williamsburg Church Loft Space,150,Private room,8 reviews,"Williamsburg, Brooklyn"
Great location! Fort Greene!!!,250,Entire home/apt,17 reviews,"Fort Greene, Brooklyn"
"Chill Spot w/ Roof & Yard by JMZ, L",54,Private room,23 reviews,"Bushwick, Brooklyn"
Prospect Heights Studio Apartment,100,Entire home/apt,4 reviews,"Prospect Heights, Brooklyn"
Williamsburg Retro Goodness 2,50,Private room,66 reviews,"Williamsburg, Brooklyn"
Cozy East Williamsburg 1 BR/1 BA,135,Entire home/apt,4 reviews,"Williamsburg, Brooklyn"
Spacious Loft 5 min to Union Square,120,Private room,25 reviews,"Williamsburg, Brooklyn"
Sun-drenched 1 Bedroom on the Park,129,Entire home/apt,25 reviews,"Greenpoint, Brooklyn"
"Spacious, Private, Convenient 1 BR!",80,Private room,6 reviews,"Brooklyn Heights, Brooklyn"
"Dream Come True, Too! Williamsburg",75,Private room,35 reviews,"Williamsburg, Brooklyn"
Brownstone Home - BEST BKLYN BLOCK!,250,Entire home/apt,25 reviews,"Boerum Hill, Brooklyn"
Heart of Williamsburg with a View,125,Private room,6 reviews,"Williamsburg, Brooklyn"
Spacious room in Luxury condo,75,Private room,0 reviews,"Sheepshead Bay, Brooklyn"
Cozy Studio with huge private deck,150,Entire home/apt,33 reviews,"Greenpoint, New York"
Comfy/cosy Williamsburg Apartment,65,Private room,7 reviews,"Williamsburg, Brooklyn"
Spacious corner apartment in DUMBO,189,Entire home/apt,1 review,"DUMBO, Brooklyn"
Nice & bright room in Bushwick,35,Private room,10 reviews,"Bushwick, Brooklyn"
Cosy and convenient Apartment,125,Entire home/apt,16 reviews,"Carroll Gardens, Brooklyn"
Huge Gorgeous Artists Loft (Studio),135,Shared room,7 reviews,"Williamsburg, Brooklyn"
Gorgeous Brownstone Suite,109,Private room,30 reviews,"Prospect Heights, Brooklyn"
Modern & Cozy Heart of Park Slope,125,Entire home/apt,5 reviews,"Park Slope, Brooklyn"
Sunny room in W'burg Penthouse,65,Private room,4 reviews,"Williamsburg, Brooklyn"
Cheap Budget Private Room #1,55,Private room,12 reviews,"Bushwick, Brooklyn"
Peaceful Sanctuary in Trendy Hood,99,Entire home/apt,16 reviews,"Crown Heights, Brooklyn"
COZY and WARM Garden Apartment,150,Entire home/apt,41 reviews,"Fort Greene, Brooklyn"
"Garden floor thru apt in Bklyn, NY",125,Entire home/apt,13 reviews,"Crown Heights, Brooklyn"
"Spacious, Private, Convenient 1 BR!",80,Private room,6 reviews,"Brooklyn Heights, Brooklyn"
Brooklyn Design Loft,100,Private room,17 reviews,"Williamsburg, Brooklyn"
Zen Eyrie –Airport Pick-Up: JFK/LGA,48,Private room,7 reviews,"East New York, Brooklyn"
Vegetarian Artists Zen Happy Co-Op,75,Private room,0 reviews,"Williamsburg, Brooklyn"
"Fort Greene, Brooklyn 1 Bedroom Apt",168,Entire home/apt,20 reviews,"Fort Greene, Brooklyn"
Urban Jungle Garden Duplex,150,Entire home/apt,11 reviews,"Bedford-Stuyvesant, Brooklyn"
Ideal Brooklyn Brownstone Apartment,165,Entire home/apt,64 reviews,"Bedford-Stuyvesant, Brooklyn"
Private room in New York Loft,85,Private room,14 reviews,"Williamsburg, Brooklyn"
Prime Williamsburg 1 bd apartment,200,Entire home/apt,4 reviews,"Greenpoint, Brooklyn"
Fort Greene Retreat on the Park,85,Private room,67 reviews,"Fort Greene, Brooklyn"
Sunny Cozy Bed near JMZ subways,27,Shared room,1 review,"Bedford-Stuyvesant, Brooklyn"
COMFY ROOM #2 ~ AMAZING LOCATION!,79,Private room,69 reviews,"Williamsburg, Brooklyn"
Large Bedroom Downtown Brooklyn,100,Private room,17 reviews,"Fort Greene, Brooklyn"
Studio in BEST location in W'burg,200,Entire home/apt,1 review,"Williamsburg, Brooklyn"
"Private Rm., Huge Apt., Near L Trn",45,Private room,15 reviews,"Williamsburg, Brooklyn"
Williamsburg 1 bedroom Apartment,125,Entire home/apt,50 reviews,"Williamsburg, Brooklyn"
"Clean, Sunny Apt on Prospect Park",100,Entire home/apt,3 reviews,"Lefferts Garden, Brooklyn"
Sunny one bedroom loft apartment,149,Entire home/apt,9 reviews,"Williamsburg, Brooklyn"
Cozy! Fireplace! 2.5 mins 2 Manhatn,165,Entire home/apt,41 reviews,"Downtown Brooklyn, Brooklyn"
Light-Filled Haven in Park Slope,135,Entire home/apt,9 reviews,"Park Slope, Brooklyn"
Beautiful Apartment in Brooklyn,100,Entire home/apt,17 reviews,"Park Slope, Brooklyn"
Williamsburg Luxury Made Cozy,140,Entire home/apt,9 reviews,"Williamsburg, Brooklyn"
Amazing Williamsburg BK Studio!,130,Entire home/apt,31 reviews,"Williamsburg, Brooklyn"
BIG Room w/ Balcony in WILLIAMSBURG,73,Private room,6 reviews,"Williamsburg, Brooklyn"
"Classic Brooklyn, share for women.",55,Private room,27 reviews,"Crown Heights, Brooklyn"
Williamsburg Loft with Sun Deck,150,Entire home/apt,3 reviews,"Williamsburg, Brooklyn"
NYC Special Occasions Room #1,29,Private room,75 reviews,"Bedford-Stuyvesant, Brooklyn"
CUTE WILLIAMSBURG! 1 STOP TO NYC!,69,Private room,4 reviews,"Williamsburg, Brooklyn"
1 Bd Large Sunny Apartment by Park,75,Entire home/apt,9 reviews,"Midwood, Brooklyn"
Cozy,65,Private room,1 review,"Fort Greene, Brooklyn"
Cozy,65,Private room,1 review,"Fort Greene, Brooklyn"
cozy room in hip lightly apartment,55,Private room,0 reviews,"Greenpoint, Brooklyn"
Stunning 23 fl bedroom with views,125,Private room,25 reviews,"Downtown Brooklyn, Brooklyn"
Sun-Drenched Brooklyn Floorthrough,269,Entire home/apt,7 reviews,"Boerum Hill, Brooklyn"
PrivateRoom in Beautiful Brownstone,50,Private room,8 reviews,"Bedford-Stuyvesant, Brooklyn"
City Skyline Views by Bedford Ave,175,Entire home/apt,14 reviews,"Williamsburg, Brooklyn"
Brownstone in Heart of Park Slope,139,Private room,2 reviews,"Park Slope, Brooklyn"
Artsy studio apartment in Bushwick!,100,Entire home/apt,21 reviews,"Bushwick, Brooklyn"
Cozy Bdrm w. Private Bath,85,Private room,5 reviews,"Park Slope, Brooklyn"
POST CARD VIEWS of Park and Skyline,162,Entire home/apt,53 reviews,"Williamsburg, Brooklyn"
Sunny Private Room in Williamsburg,80,Private room,49 reviews,"Williamsburg, Brooklyn"
Bed & Bath in Park Slope Mansion,115,Private room,13 reviews,"Park Slope, Brooklyn"
private room/bath in williamsburg,100,Private room,0 reviews,"Williamsburg, Brooklyn"
Modern 1 Bedroom with Character,195,Entire home/apt,25 reviews,"Williamsburg, Brooklyn"
"Sunny, delightful Clinton Hill home",115,Entire home/apt,7 reviews,"Clinton Hill, Brooklyn"
Great Room in Awesome Bushwick!,40,Private room,0 reviews,"Bushwick, Brooklyn"
Urban oasis! 2 bedrooms w/ 3 patios,165,Entire home/apt,14 reviews,"Williamsburg, Brooklyn"
Sunny Williamsburg Penthouse,119,Private room,68 reviews,"Williamsburg, Brooklyn"
Private room with sleeping loft,45,Private room,14 reviews,"Williamsburg, Brooklyn"
Bright Loft One Stop from Soho,145,Entire home/apt,10 reviews,"Downtown Brooklyn, Brooklyn"
Fort Greene Retreat on the Park,85,Private room,67 reviews,"Fort Greene, Brooklyn"
Beautiful renovated 1 bedroom Apt.,126,Entire home/apt,9 reviews,"Gowanus, Brooklyn"
Have Whole Apt! Prime Williamsburg!,110,Entire home/apt,26 reviews,"Williamsburg, Brooklyn"
ingefära hus! Williamsburg Center,80,Private room,87 reviews,"Williamsburg, Brooklyn"
BIG 2 Bed/2 Bath in Prime Brooklyn!,200,Entire home/apt,19 reviews,"Cobble Hill, Brooklyn"
Good sleep in Crown Heights,45,Private room,1 review,"Crown Heights, Brooklyn"
SUNNY BIG ROOM IN STYLISH APT,80,Private room,19 reviews,"Bedford-Stuyvesant, New York"
"Sunny Private Bedroom, Brooklyn NYC",70,Private room,4 reviews,"Bushwick, Brooklyn"
E Williamsburg Artist Retreat;White,59,Private room,62 reviews,"Williamsburg, New York"
1 ROOM IN AMAZING TRENDY NYC LOFT,78,Private room,9 reviews,"Williamsburg, Brooklyn"
Charming & Sunny Prewar Apartment!,125,Entire home/apt,45 reviews,"Greenpoint, Brooklyn"
Spacious Williamsburg/Bushwick loft,72,Private room,83 reviews,"Bedford-Stuyvesant, Brooklyn"
Cute lil room in a charming bk apt,85,Private room,11 reviews,"Williamsburg, Brooklyn"
"Fab, Cozy Brownstone Apt in BedStuy",95,Entire home/apt,86 reviews,"Bedford-Stuyvesant, Brooklyn"
Bright Airy Modern Brooklyn Studio,110,Entire home/apt,8 reviews,"Fort Greene, Brooklyn"
Stunning artist loft 1 stop to Manh,149,Entire home/apt,2 reviews,"Williamsburg, Brooklyn"
XL Fort Greene Garden Apt,109,Private room,16 reviews,"Fort Greene, Brooklyn"
Park Slope/Gowanis Urban Oasis,44,Shared room,27 reviews,"Gowanus, Brooklyn"
Comfy Queen Size Bed in Brooklyn,45,Private room,24 reviews,"East New York, Brooklyn"
Awesome Brownstone Guest Room,105,Private room,37 reviews,"Park Slope, Brooklyn"
Downtown Brooklyn Luxury Building,100,Shared room,11 reviews,"Fort Greene, Brooklyn"
Unforgettable stay in NYC. Book now,70,Private room,10 reviews,"East Flatbush, Brooklyn"
1 BD in Historic Brooklyn Heights,90,Private room,12 reviews,"Brooklyn Heights, Brooklyn"
Charming Private Bedroom Nr All,49,Private room,1 review,"Bushwick, Brooklyn"
Beautiful Brooklyn share apartment,65,Shared room,13 reviews,"Bay Ridge, Brooklyn"
Tree lined block modern apartment,175,Entire home/apt,52 reviews,"Bedford-Stuyvesant, Brooklyn"
Loft in Fort Greene/Clinton Hill,99,Entire home/apt,0 reviews,"Clinton Hill, Brooklyn"
Spacious Room w/ Private Bathroom,99,Private room,6 reviews,"Flatbush, Brooklyn"
"bdrm w/pvt bath, lndmrk brick home",118,Private room,6 reviews,"Clinton Hill, Brooklyn"
South Slope Private Basement Studio,80,Private room,14 reviews,"Park Slope, Brooklyn"
Cozy Private Bedroom,70,Private room,0 reviews,"Crown Heights, Brooklyn"
Charming 1br Apt In Williamsburg!!!,125,Entire home/apt,25 reviews,"Williamsburg, Brooklyn"
Great Room in Williamsburg PH!,65,Private room,5 reviews,"Williamsburg, Brooklyn"
Guestroom w/ 2 beds 20 mins to NYC,55,Private room,92 reviews,"Bushwick, Brooklyn"
1 min to subway 20mins to Manhattan,35,Private room,1 review,"Kensington, Brooklyn"
Fort Greene Brownstone Gem,119,Entire home/apt,3 reviews,"Fort Greene, Brooklyn"
Cozy Room In Brooklyn!!!,75,Private room,13 reviews,"Lefferts Garden, Brooklyn"
Modern Bedroom in Williamsburg Loft,89,Private room,39 reviews,"Williamsburg, Brooklyn"
Fabulous Bklyn private bedbathsuite,89,Private room,216 reviews,"Clinton Hill, Brooklyn"
Unique NYDesigner apt min from all!,160,Entire home/apt,20 reviews,"Crown Heights, New York"
Big Bright Room by Prospect Park,65,Private room,1 review,"Lefferts Garden, Brooklyn"
Perfect room in Prime Williamsburg,75,Private room,24 reviews,"Williamsburg, Brooklyn"
"East River Queen, & outdoor deck!",175,Entire home/apt,55 reviews,"Williamsburg, New York"
Convenient Brooklyn Bedroom,55,Private room,3 reviews,"Fort Greene, Brooklyn"
Modern Room in East Williamsburg,80,Private room,0 reviews,"Williamsburg, Brooklyn"
1BR Park Slope 1/2 block to Park!,85,Private room,16 reviews,"Park Slope, Brooklyn"
Strawberry B&B,70,Private room,24 reviews,"Bushwick, Brooklyn"
Big Sunny Room in Amazing Location,56,Private room,4 reviews,"Crown Heights, Brooklyn"
"Quiet, exposed brick, huge windows",80,Private room,4 reviews,"Flatbush, Brooklyn"
"Modern, open and light 2brm duplex!",195,Entire home/apt,0 reviews,"Boerum Hill, Brooklyn"
Cute and Cozy Ft. Greene Love Nest,175,Entire home/apt,12 reviews,"Fort Greene, Brooklyn"
Fort Greene Retreat on the Park,85,Private room,67 reviews,"Fort Greene, Brooklyn"
Garden Suite in Fort Greene,90,Entire home/apt,78 reviews,"Fort Greene, Brooklyn"
"Cheap, cozy & spacious room in NYC",75,Private room,3 reviews,"Bensonhurst, Brooklyn"
C Private Room Luxury Duplex Loft,100,Private room,16 reviews,"Williamsburg, Brooklyn"
Great Apt in HEART of Williamsburg!,101,Entire home/apt,25 reviews,"Williamsburg, Brooklyn"
"Sunny, Modern & Cozy Brooklyn Home",75,Entire home/apt,2 reviews,"Bedford-Stuyvesant, Brooklyn"
"Charming, sunny 1 bed apt with deck",165,Entire home/apt,0 reviews,"Carroll Gardens, Brooklyn"
Historic Landmark Brooklyn Heights,80,Private room,68 reviews,"Brooklyn Heights, Brooklyn"
Entire 3BR Lux Apt 20min>Manhattan,89,Entire home/apt,16 reviews,"Bedford-Stuyvesant, Brooklyn"
Subletting room (females only),40,Private room,1 review,"Bushwick, Brooklyn"
Luxurious Boutique Hotel Style Apt,199,Entire home/apt,27 reviews,"Bedford-Stuyvesant, Brooklyn"
Bright Star of Brooklyn,134,Private room,13 reviews,"Carroll Gardens, Brooklyn"
Self contained ground level apt,120,Entire home/apt,30 reviews,"Bedford-Stuyvesant, Brooklyn"
"Airy, leafy & light-filled haven",72,Private room,17 reviews,"Flatbush, Brooklyn"
"Room & Breakfast, Steps to L Train",65,Private room,129 reviews,"Bushwick, Brooklyn"
"4 BR, 4 BA townhouse in South Slope",420,Entire home/apt,1 review,"Park Slope, Brooklyn"
The Perfect Brooklyn Heights Apt,115,Entire home/apt,12 reviews,"Brooklyn Heights, Brooklyn"
Sunny Room w Private Bath in Duplex,70,Private room,1 review,"Bedford-Stuyvesant, Brooklyn"
Private Room in Williamsburg Loft M,99,Private room,8 reviews,"Williamsburg, Brooklyn"
Private Room in Williamsburg Loft M,99,Private room,8 reviews,"Williamsburg, Brooklyn"
Charming Studio in Brooklyn,162,Entire home/apt,17 reviews,"Carroll Gardens, Brooklyn"
Beautiful Park Slope Bedroom,50,Private room,0 reviews,"Park Slope, Brooklyn"
East Williamsburg Artist Loft,50,Private room,24 reviews,"Williamsburg, Brooklyn"
Comfortable Room available,45,Private room,16 reviews,"Bushwick, Brooklyn"
Private Happy Williamsburg Room,100,Private room,8 reviews,"Williamsburg, Brooklyn"
Lofted room available Bushwick,45,Private room,0 reviews,"Bushwick, Brooklyn"
Cozy Stay in Brooklyn,69,Private room,9 reviews,"Crown Heights, Brooklyn"
Charming Brooklyn One-Bedroom,125,Entire home/apt,3 reviews,"Greenpoint, Brooklyn"
Great Large 1 Bedroom Apartment,97,Entire home/apt,12 reviews,"Crown Heights, Brooklyn"
Stay in a bedroom at The L,85,Private room,18 reviews,"Bushwick, Brooklyn"
1000ft² - Chic 2BR on best Block,275,Entire home/apt,11 reviews,"Williamsburg, Brooklyn"
"Sweet, Serene Brooklyn Apartment",110,Entire home/apt,7 reviews,"Bedford-Stuyvesant, Brooklyn"
1 bed apt in heart of Ft Greene,100,Entire home/apt,6 reviews,"Fort Greene, Brooklyn"
Beautiful Room in Spacious Apt.,110,Private room,33 reviews,"Boerum Hill, Brooklyn"
Spacious Private Bedroom & Living,99,Private room,169 reviews,"Park Slope, Brooklyn"
East Williamsburg Room,45,Private room,5 reviews,"Williamsburg, Brooklyn"
Bright one-bedroom on Eastern Pkway,50,Entire home/apt,1 review,"Crown Heights, Brooklyn"
THE PRESIDENT'S SUITE,90,Private room,8 reviews,"Williamsburg, Brooklyn"
"IT""S A BEAUTIFUL DAY IN BROOKLYN! 1",70,Private room,17 reviews,"Bedford-Stuyvesant, Brooklyn"
Huge bedroom in My Loft in New York,99,Private room,78 reviews,"Williamsburg, Brooklyn"
"Private room, williamsburg NYC!!!!!",59,Private room,19 reviews,"Williamsburg, Brooklyn"
C Private Room Luxury Duplex Loft,100,Private room,16 reviews,"Williamsburg, Brooklyn"
Sunny private room in artists loft,83,Private room,24 reviews,"Bedford-Stuyvesant, Brooklyn"
Ditmas Park Carriage House Loft,250,Entire home/apt,10 reviews,"Flatbush, Brooklyn"
Loft Studio with Private Deck,200,Entire home/apt,1 review,"Williamsburg, Brooklyn"
Modern Apartment in Williamsburg,139,Entire home/apt,3 reviews,"Williamsburg, Brooklyn"
Private Room/Heart of Williamsburg,85,Shared room,15 reviews,"Williamsburg, Brooklyn"
BayRidge near subway & express bus,40,Private room,44 reviews,"Bay Ridge, Brooklyn"
"Cozy, Convenient Williamsburg Apt",169,Entire home/apt,9 reviews,"Williamsburg, Brooklyn"
Great room in Ditmas park!,55,Private room,7 reviews,"Flatbush, Brooklyn"
bedroom in front  prospect park sw,48,Private room,62 reviews,Brooklyn
Private Room in WBerg Flat 4A,90,Private room,20 reviews,"Williamsburg, Brooklyn"
WINTER DEALS @ The Venue in BedStuy,54,Private room,18 reviews,"Bedford-Stuyvesant, Brooklyn"
Comforts in Bushwick Brooklyn,70,Private room,47 reviews,"Bushwick, Brooklyn"
"Cozy 1 bdrm Park Slope, Brooklyn,",100,Entire home/apt,7 reviews,"Park Slope, Brooklyn"
"LARGE PRIVATE FLOOR IN BROOKLYN, NY",90,Entire home/apt,86 reviews,"Bedford-Stuyvesant, Brooklyn"
Comfortable in Brooklyn,115,Private room,8 reviews,"Bedford-Stuyvesant, Brooklyn"
"In the heart of Brooklyn, NY",150,Entire home/apt,1 review,"Clinton Hill, Brooklyn"
Rm Available in Central Ft Greene,95,Private room,10 reviews,"Fort Greene, Brooklyn"
Beautiful Park Slope Apartment,105,Entire home/apt,11 reviews,"Park Slope, Brooklyn"
Private Room Overlooking Garden,53,Private room,2 reviews,"Bushwick, Brooklyn"
Heart of Wberg Private Room 1A,80,Private room,31 reviews,"Williamsburg, Brooklyn"
Perfect New York Studio Apartment,100,Entire home/apt,2 reviews,"Prospect Heights, Brooklyn"
NICE ROOM #2 ~ AWESOME LOCATION!!,129,Private room,35 reviews,"Williamsburg, Brooklyn"
Large and sunny bedroom in Brooklyn,65,Private room,30 reviews,"Crown Heights, Brooklyn"
"Williamsburg room, private entrance",90,Private room,35 reviews,"Williamsburg, Brooklyn"
Lovely Guestroom in Brownstone,70,Private room,9 reviews,"Crown Heights, Brooklyn"
Your own floor in a beautiful house,100,Private room,20 reviews,"Flatbush, Brooklyn"
Private Bedroom Charming Park Slope,60,Private room,5 reviews,"Park Slope, Brooklyn"
Huge & sunny 1BR apt in Greenpoint,115,Entire home/apt,27 reviews,"Greenpoint, Brooklyn"
Airy and Bright Loft -Williamsburg,199,Entire home/apt,25 reviews,"Williamsburg, Brooklyn"
lovely 2br brownstone brooklyn,170,Entire home/apt,0 reviews,"Bedford-Stuyvesant, Brooklyn"
"Lovely Home--Clinton Hill, Brooklyn",150,Entire home/apt,8 reviews,"Clinton Hill, Brooklyn"
"Modern, Sunlit Brooklyn Flat",200,Entire home/apt,15 reviews,"Bedford-Stuyvesant, Brooklyn"
Cozy room in warehouse style apt,59,Private room,34 reviews,"Williamsburg, Brooklyn"
CHARMING APARTMENT NEAR A/J TRAINS,55,Private room,32 reviews,"East New York, Jamaica"
Cozy BR in Wiliamsburg 2 Bedroom,75,Private room,70 reviews,"Williamsburg, Brooklyn"
Garden Apartment in Townhouse,145,Entire home/apt,15 reviews,"Clinton Hill, Brooklyn"
Retreat in Williamsburg,185,Entire home/apt,120 reviews,"Williamsburg, Brooklyn"
"Location, Location, Location!",115,Private room,8 reviews,"Williamsburg, Brooklyn"
Quintessential W'burg Apartment,100,Private room,35 reviews,"Williamsburg, Brooklyn"
Spacious Studio with Parking,59,Entire home/apt,72 reviews,"Bushwick, Brooklyn"
Beautiful 1 br in Williamsburg,150,Entire home/apt,12 reviews,"Williamsburg, Brooklyn"
Modern Cozy Brownstone Apartment,100,Private room,43 reviews,"Williamsburg, Brooklyn"
"Bright, BedStuy Gem!",75,Entire home/apt,11 reviews,"Bedford-Stuyvesant, Brooklyn"
Park Slope Spacious 1 bedroom APT.,129,Entire home/apt,8 reviews,"Park Slope, Brooklyn"
Large Sunny Rm-6th Fl View/Elevator,75,Private room,31 reviews,"Kensington, Brooklyn"
Beautiful Room in Huge Apt,79,Private room,2 reviews,"Williamsburg, Brooklyn"
Comfy Private Bedroom in Bushwick,31,Private room,5 reviews,"Bushwick, Brooklyn"
Prime Carroll Gardens 1BR Apartment,185,Entire home/apt,23 reviews,"Gowanus, Brooklyn"
Gorgeous bedroom in a Brownstone,60,Private room,0 reviews,"Bedford-Stuyvesant, Brooklyn"
"Cozy, spacious & convenient 1 BR :)",75,Private room,25 reviews,"Bushwick, Brooklyn"
Rad Studio Room in Williamsburg,89,Entire home/apt,48 reviews,"Williamsburg, Brooklyn"
Rm in Fort Greene BK close to city,85,Private room,54 reviews,"Clinton Hill, Brooklyn"
PAINTERS PARADISE / GREENPOINT,165,Entire home/apt,21 reviews,"Greenpoint, Brooklyn"
Quiet>Sunny>Views>Gym>Williamsburg,125,Entire home/apt,13 reviews,"Williamsburg, Brooklyn"
Private nook in Bushwick,50,Private room,22 reviews,"Bushwick, Brooklyn"
"Bushwick Loft, clean, bright",110,Entire home/apt,20 reviews,"Bushwick, Brooklyn"
A Luxury Private Room in  Duplex,100,Private room,7 reviews,"Williamsburg, Brooklyn"
Beautiful Large 1BR in Cobble Hill,150,Entire home/apt,22 reviews,"Cobble Hill, Brooklyn"
☀ Justin's Place,59,Shared room,33 reviews,"Bedford-Stuyvesant, Brooklyn"
Spacious room in fun Williamsburg,68,Private room,0 reviews,"Williamsburg, Brooklyn"
Spacious studio; great location!!,150,Entire home/apt,3 reviews,"Downtown Brooklyn, Brooklyn"
Amazing Apt. in N. Williamsburg!,100,Private room,0 reviews,"Williamsburg, Brooklyn"
Beautiful Boerum Hill!,58,Private room,1 review,"Boerum Hill, Brooklyn"
Sun-filled room in Boerum Hill,75,Private room,19 reviews,"Boerum Hill, Brooklyn"
"Duplex 1BR Apt in Ft Greene, Bklyn",125,Entire home/apt,1 review,"Fort Greene, Brooklyn"
Garden Apartment in Brooklyn!,150,Entire home/apt,6 reviews,"Boerum Hill, Brooklyn"
bedroom in front  prospect park sw,48,Private room,62 reviews,Brooklyn
A cozy room in a 3 BHK appt,35,Private room,0 reviews,"Bay Ridge, New York City"
Quiet classic charmer in the trees,190,Entire home/apt,16 reviews,"Park Slope, Brooklyn"
Heart of Wberg Private Room 1B,80,Private room,25 reviews,"Williamsburg, Brooklyn"
Spacious sunny LOFT - best location,125,Entire home/apt,72 reviews,"Williamsburg, Brooklyn"
A Luxury room in new WBerg Loft,100,Private room,18 reviews,"Williamsburg, Brooklyn"
charming sunny studio near park,150,Entire home/apt,43 reviews,"Fort Greene, Brooklyn"
Suite with Own Bath Williamsburg PH,115,Private room,4 reviews,"Williamsburg, Brooklyn"
Sunny 1 BR in Carroll Gardens,135,Entire home/apt,6 reviews,"Cobble Hill, Brooklyn"
Warm Rock Climbing Loft + Hammock,59,Private room,27 reviews,"Bedford-Stuyvesant, Brooklyn"
Quiet Park Slope Apt Near All,190,Entire home/apt,24 reviews,"Park Slope, Brooklyn"
Guest Room in Hip Williamsburg Loft,65,Private room,9 reviews,"Williamsburg, Brooklyn"
"Private Room in Brooklyn, NY",95,Private room,0 reviews,"Lefferts Garden, Brooklyn"
KOZY ROOM IN FORT GREENE BROOKLYN..,66,Private room,98 reviews,"Fort Greene, Brooklyn"
Amazing Boerum Hill Apartment!,170,Entire home/apt,49 reviews,"Boerum Hill, Brooklyn"
Cozy Room in Heart of Williamsburg,80,Private room,1 review,"Williamsburg, Brooklyn"
Spacious Boho Apt. in Willliamsburg,115,Entire home/apt,1 review,"Williamsburg, Brooklyn"
BROOKLYN VICTORIAN STYLE SUITE.....,100,Private room,102 reviews,"Fort Greene, Brooklyn"
Share a Light-filled Brooklyn Apt,65,Private room,6 reviews,"Lefferts Garden, Brooklyn"
Your Own 2 Br Apt Bedford and Grand,180,Entire home/apt,78 reviews,"Williamsburg, Brooklyn"
Crown Heights Room By Prospect Park,45,Private room,4 reviews,"Crown Heights, Brooklyn"
Sunny and spacious family apartment,165,Entire home/apt,4 reviews,"Park Slope, Brooklyn"
beautiful brownstone,95,Entire home/apt,30 reviews,"Bedford-Stuyvesant, Brooklyn"
"Tasteful, calm, central 2BR/2Baths",245,Entire home/apt,6 reviews,"Williamsburg, Brooklyn"
Best Neighborhood Carroll Gardens,275,Entire home/apt,39 reviews,"Carroll Gardens, Brooklyn"
Large & Private 1 BR in BK Heights!,150,Private room,18 reviews,"Brooklyn Heights, Brooklyn"
charming sunny studio near park,150,Entire home/apt,43 reviews,"Fort Greene, Brooklyn"
Nice room Convenient to Manhattan A,55,Private room,27 reviews,"Sunset Park, Brooklyn"
Brooklyn SUITE + Private Full Bath!,69,Private room,4 reviews,"Flatbush, Brooklyn"
Room with En Suite Bathroom & Deck,85,Private room,216 reviews,"Clinton Hill, Brooklyn"
A charming shared room,30,Shared room,17 reviews,"Bedford-Stuyvesant, Brooklyn"
Brooklyn 1 BR Near Subway,75,Entire home/apt,15 reviews,"Crown Heights, Brooklyn"
Cozy Clinton Hill studio,140,Entire home/apt,4 reviews,"Clinton Hill, Brooklyn"
1br private roofdeck with views!,160,Entire home/apt,10 reviews,"Park Slope, Brooklyn"
"Huge Brooklyn Loft w/Deck, NYC View",65,Private room,41 reviews,"Bedford-Stuyvesant, Brooklyn"
"Charming 1 Bdr Apartment, New York",160,Entire home/apt,7 reviews,"Williamsburg, Brooklyn"
"Cozy, Bright Bushwick Room off L&M",74,Private room,8 reviews,"Bushwick, Brooklyn"
Lovely Private 1BD | Heart of NY!,135,Entire home/apt,8 reviews,"Williamsburg, Brooklyn"
Fun Convenient living in Park Slope,200,Entire home/apt,14 reviews,"Prospect Heights, Brooklyn"
Self contained ground level apt,120,Entire home/apt,30 reviews,"Bedford-Stuyvesant, Brooklyn"
FAB BKLYN ROOM&BATH&OWN ENTRANCE,110,Private room,52 reviews,"Fort Greene, Brooklyn"
"Sunny 2BDR, 1/2 blk from R train!",145,Entire home/apt,0 reviews,"Greenwood Heights, Brooklyn"
"Sunny & Cozy Room, LGBTQ Friendly",65,Private room,24 reviews,"Park Slope, Brooklyn"
Bedford Stuyvesant Urban Hang Suite,150,Entire home/apt,54 reviews,"Bedford-Stuyvesant, Brooklyn"
The Geometric Loft,50,Private room,1 review,"Williamsburg, Brooklyn"
Great Room in Bright Amazing Loft!,89,Private room,11 reviews,"Bushwick, Brooklyn"
1 Bedroom in East Williamsburg,135,Entire home/apt,0 reviews,"Williamsburg, Brooklyn"
Spacious Loft in a Central Location,200,Entire home/apt,0 reviews,"Williamsburg, Brooklyn"
BK Sweet Suite w/Kitchen&FullBath,65,Entire home/apt,111 reviews,"Flatbush, Brooklyn"
Chic Brooklyn Apt.- Private Room,65,Private room,14 reviews,"Bedford-Stuyvesant, Brooklyn"
Private 2BR Williamsburg Waterfront,195,Entire home/apt,4 reviews,"Williamsburg, Brooklyn"
Private room in north Park Slope,100,Private room,35 reviews,"Park Slope, Brooklyn"
"large bdroom, priv bth, priv living",85,Private room,30 reviews,"Bedford-Stuyvesant, Brooklyn"
Beautiful 1 br in Williamsburg,150,Entire home/apt,12 reviews,"Williamsburg, Brooklyn"
2nd Fl Bklyn Brownstone Apt!,100,Entire home/apt,33 reviews,"Lefferts Garden, Brooklyn"
Amazing view from my both 2BR in NY,120,Private room,0 reviews,"Williamsburg, Brooklyn"
Brooklyn Stay,85,Private room,1 review,"Prospect Heights, Brooklyn"
COZY PRIVATE ROOM IN WILLIAMSBURG,60,Private room,60 reviews,"Williamsburg, Brooklyn"
"Gorgeous, bright and spacious!",190,Entire home/apt,14 reviews,"Brooklyn Heights, Brooklyn"
Quirky Loft - Steps From L Train,60,Private room,3 reviews,"Williamsburg, Brooklyn"
Designer Loft Penthouse Brooklyn,195,Entire home/apt,64 reviews,"Sunset Park, Brooklyn"
Mayor's Mansion - Garden Suite,125,Private room,57 reviews,"Fort Greene, Brooklyn"
"Huge room, private and simplistic.",110,Private room,54 reviews,"Williamsburg, Brooklyn"
Cool & Cozy Apt in Great Neighborhd,138,Entire home/apt,109 reviews,"Flatbush, Brooklyn"
Cosy and convenient Apartment,125,Entire home/apt,16 reviews,"Carroll Gardens, Brooklyn"
Private Room with own Bathroom,118,Private room,4 reviews,"Carroll Gardens, Brooklyn"
Apt in the heart of Williamsburg,48,Private room,2 reviews,"Williamsburg, Brooklyn"
1 Bedroom in Spacious Loft,100,Private room,4 reviews,"Williamsburg, Brooklyn"
QUEEN'S QUARTERS,75,Private room,11 reviews,"Williamsburg, Brooklyn"
Sunny Private Room in Two-Bedroom,40,Private room,0 reviews,"Williamsburg, Brooklyn"
"Cozy, Clean, Quiet, Private Room!!",42,Private room,3 reviews,"Flatbush, Brooklyn"
Williamsburg 2BR Apt on Bedford Ave,235,Entire home/apt,28 reviews,"Williamsburg, Brooklyn"
"Where Brooklyn at, on this block",65,Private room,6 reviews,"Carroll Gardens, Brooklyn"
Spacious Sunny Studio Ditmas Park,94,Entire home/apt,0 reviews,"Flatbush, Brooklyn"
Chez Louise sunny BK garden apt.,110,Entire home/apt,1 review,"Bedford-Stuyvesant, Brooklyn"
Magic in Cobble Hill!,70,Private room,46 reviews,"Brooklyn Heights, Brooklyn"
Private Floor in a Sunny Brownstone,150,Entire home/apt,12 reviews,"Lefferts Garden, Brooklyn"
Furnished private room with loftbed,28,Private room,1 review,"Flatbush, Brooklyn"
NYC Bright Room Vintage Artist Home,50,Private room,10 reviews,"Bushwick, Brooklyn"
Spacious Room in Bushwick!,55,Private room,12 reviews,"Bushwick, Queens"
Urban Oasis - gorgeous 3 br. house,160,Entire home/apt,13 reviews,"Greenwood Heights, Brooklyn"
Luxury loft Penthouse w terrace,250,Entire home/apt,9 reviews,"Williamsburg, Brooklyn"
Cozy Room on Prospect Park!,45,Private room,61 reviews,"Flatbush, Brooklyn"
Cute Brooklyn room in beautiful 3Br,30,Private room,0 reviews,"Bedford-Stuyvesant, Brooklyn"
Unique 2 BR Loft downtown Brooklyn,140,Entire home/apt,8 reviews,"Clinton Hill, Brooklyn"
"Huge, Bright Townhouse Apartment",140,Entire home/apt,2 reviews,"Carroll Gardens, Brooklyn"
"Room in modern, Brooklyn apartment.",65,Private room,40 reviews,"Bedford-Stuyvesant, Brooklyn"
Gorgeous Brooklyn Loft! Red Hook!,185,Entire home/apt,16 reviews,"Red Hook, Brooklyn"
Historic River Storefront w/Garden,175,Entire home/apt,88 reviews,"Greenpoint, Brooklyn"
Your own floor in a beautiful house,100,Private room,20 reviews,"Flatbush, Brooklyn"
2 Bedroom Apartment,180,Entire home/apt,112 reviews,"Fort Greene, Brooklyn"
"Creative Hub! Private, Unique, Fun!",55,Private room,16 reviews,"Bushwick, Brooklyn"
Global Modern Garden Apt BedStuy,135,Entire home/apt,65 reviews,"Bedford-Stuyvesant, Brooklyn"
Room in Bushwick/E Williamsburg,74,Private room,10 reviews,"Williamsburg, Brooklyn"
Amazing apt with amazing view,155,Entire home/apt,3 reviews,"Williamsburg, Brooklyn"
Large Bright Modern Room w Rooftop,45,Private room,1 review,"Bedford-Stuyvesant, Brooklyn"
Musician & Artist Haven,65,Private room,3 reviews,"Bushwick, Brooklyn"
STYLISH WILLIAMSBURG LUXURY LOFT,190,Entire home/apt,0 reviews,"Williamsburg, Brooklyn"
1 Bedroom with Manhattan Views,170,Entire home/apt,20 reviews,"Downtown Brooklyn, Brooklyn"
Beautiful room off Bedford ave.,65,Private room,55 reviews,"Williamsburg, Brooklyn"
Cozy & spacious - Master BR+office,62,Private room,42 reviews,"Bedford-Stuyvesant, Brooklyn"
Beautiful Apt in BK -Bikes Included,175,Entire home/apt,18 reviews,"Cobble Hill, Brooklyn"
NY Mag & Budget Travel love us!,184,Private room,5 reviews,"Downtown Brooklyn, Brooklyn"
Urban Holiday...,100,Entire home/apt,27 reviews,"Crown Heights, Brooklyn"
Private 1-bedroom with sofa bed,130,Entire home/apt,6 reviews,"Bedford-Stuyvesant, Brooklyn"
New York apt in Williamsburg,150,Private room,0 reviews,"Williamsburg, new york"
Spacious Room in  Brooklyn,30,Shared room,0 reviews,"Crown Heights, Brooklyn"
Private Room in Trendy Bushwick,87,Private room,7 reviews,"Bushwick, Brooklyn"
"Cozy, Clean, Beautiful City Vews",63,Private room,49 reviews,"Greenpoint, Brooklyn"
Sunny/Cozy 1BD,89,Entire home/apt,24 reviews,"Crown Heights, Brooklyn"
Williamsburg Artist Loft,80,Private room,10 reviews,"Williamsburg, Brooklyn"
1BR in Prime Williamsburg - Bedford,199,Entire home/apt,14 reviews,"Williamsburg, Brooklyn"
"Whole apt. in Williamsburg, Bklyn",180,Entire home/apt,9 reviews,"Williamsburg, Brooklyn"
Studio in Downtown Brooklyn,140,Entire home/apt,17 reviews,"Downtown Brooklyn, Brooklyn"
The Williamsburg Special,61,Private room,34 reviews,"Williamsburg, Brooklyn"
Great room in homey apartment,48,Private room,2 reviews,"Bedford-Stuyvesant, Brooklyn"
Urban oasis! 2 bedrooms w/ 3 patios,165,Entire home/apt,14 reviews,"Williamsburg, Brooklyn"
Charming Williamsburg 3 Bedroom,350,Entire home/apt,11 reviews,"Williamsburg, Brooklyn"
Rising Star Of Brooklyn,110,Entire home/apt,15 reviews,"Bedford-Stuyvesant, Brooklyn"
Gorgeous Modern 1BD in Heart of BK,150,Entire home/apt,2 reviews,"Williamsburg, Brooklyn"
COMFORTABLE PRIVATE ROOM FOR YOU,100,Private room,9 reviews,"Carroll Gardens, Brooklyn"
"Cool, Comfy Bedroom nr Subway",49,Private room,2 reviews,"Bedford-Stuyvesant, Brooklyn"
"Fantastic, Affordable Rooftop Spot",64,Private room,67 reviews,"Bushwick, Brooklyn"
It's all about Bushwick BROOKLYN,100,Entire home/apt,70 reviews,"Bushwick, Brooklyn"
Brooklyn-Bedstuy-1 bedroom,110,Entire home/apt,21 reviews,"Bedford-Stuyvesant, Brooklyn"
Private 1 Bdrm Suite in Brownstone,150,Private room,2 reviews,"Brooklyn Heights, Brooklyn"
Luxury Loft Private Room C (3C),100,Private room,20 reviews,"Williamsburg, Brooklyn"
BUDGET ROOM- 15 MINUTES >MANHATTAN!,50,Private room,39 reviews,"Bushwick, Brooklyn"
Sunny & spacious BK Heights 1 bed,160,Entire home/apt,7 reviews,"Brooklyn Heights, Brooklyn"
Room In Loft Nr Brooklyn Waterfront,105,Private room,26 reviews,"DUMBO, Brooklyn"
Sunny queen room in Crown Heights,49,Private room,1 review,"Crown Heights, Brooklyn"
"Sunny, calm room in Victorian home",79,Private room,65 reviews,"Bedford-Stuyvesant, Brooklyn"
Gorgeous private NYC 2 BD duplex,137,Entire home/apt,10 reviews,"Bedford-Stuyvesant, Brooklyn"
Sunny Bedroom in Spacious Apt,75,Private room,35 reviews,"Crown Heights, Brooklyn"
Sunny & Spacious Brooklyn 1BR Apt,90,Entire home/apt,3 reviews,"Bedford-Stuyvesant, Brooklyn"
Beautiful Apt. in Prospect Heights,125,Entire home/apt,61 reviews,"Crown Heights, Brooklyn"
Perfect Prospect heights pad,125,Entire home/apt,1 review,"Prospect Heights, Brooklyn"
Best of Brooklyn-Whole Apartment,119,Entire home/apt,27 reviews,"Prospect Heights, Brooklyn"
Park Slope Private Bed+Livingroom!,80,Private room,47 reviews,"Park Slope, Brooklyn"
Private Flat Greenpoint Brooklyn,90,Entire home/apt,32 reviews,"Greenpoint, Brooklyn"
Bright Cozy Room in Brooklyn,70,Private room,7 reviews,"Crown Heights, Brooklyn"
Entire Spacious & Sunny Apartment,120,Entire home/apt,5 reviews,"Clinton Hill, Brooklyn"
Brownstone in Brooklyn,169,Entire home/apt,8 reviews,"Clinton Hill, Brooklyn"
Classic Williamsburg loft bedroom,50,Private room,8 reviews,"Williamsburg, Brooklyn"
Sunny & Spacious in Park Slope,200,Entire home/apt,12 reviews,"Park Slope, Brooklyn"
House on Henry (2nd FLR Suite),155,Entire home/apt,61 reviews,"Red Hook, Brooklyn"
Luxury 1 Bedroom in Williamsburg,190,Entire home/apt,20 reviews,"Williamsburg, Brooklyn"
Cozy studio in historic brownstone,95,Entire home/apt,4 reviews,"Clinton Hill, Brooklyn"
Williamsburg Retro Goodness,50,Private room,88 reviews,"Williamsburg, Brooklyn"
Amazing Location in Fort Greene,80,Private room,18 reviews,"Fort Greene, Brooklyn"
Chic & Rustic 1 BD- 1 Stop from NYC,125,Entire home/apt,0 reviews,"Williamsburg, Brooklyn"
Bedroom in a spacious artsy Loft B,55,Private room,14 reviews,"Williamsburg, Brooklyn"
Studio Perfection in Williamsburg,155,Entire home/apt,0 reviews,"Williamsburg, Brooklyn"
Great room in hip Williamsburg,75,Private room,78 reviews,"Williamsburg, Brooklyn"
"1 BR in sunny Ft. Greene, Brooklyn",79,Private room,104 reviews,"Fort Greene, Brooklyn"
Charming 3bdrm Loft~Bed & Bagel!,195,Entire home/apt,38 reviews,"Bushwick, Brooklyn"
"Clean, homey, beautiful Garden apt.",100,Entire home/apt,11 reviews,"Bedford-Stuyvesant, Brooklyn"
Luxury Duplex Home in Williamsburg,125,Entire home/apt,9 reviews,"Williamsburg, Brooklyn"
Best location in Brooklyn!,110,Private room,22 reviews,"Park Slope, Brooklyn"
Sunny 1 bedroom apt & private deck,100,Entire home/apt,9 reviews,"Bedford-Stuyvesant, Brooklyn"
2BDR Apt with Stunning Roof Terrace,119,Entire home/apt,6 reviews,"Greenwood Heights, Brooklyn"
"Sunny room, great Brooklyn location",100,Private room,2 reviews,"Carroll Gardens, Brooklyn"
Full Apt! L Train On The Corner!!,80,Entire home/apt,5 reviews,"Williamsburg, Brooklyn"
